0 280
0 64
0 120
0 89
0 72
0 106
0 127
0 115
0 275
0 1
0 141
0 80
0 30
0 172
0 263
0 281
0 221
0 215
0 164
0 20
0 237
0 157
1 122
1 73
1 69
1 93
1 247
1 74
1 121
1 54
1 138
1 240
1 178
1 182
1 232
2 309
2 211
2 55
2 89
2 171
2 306
2 235
2 247
2 238
2 9
2 0
2 56
2 74
2 16
2 95
2 44
3 103
3 301
3 68
3 64
3 31
3 52
3 96
3 179
3 210
3 309
3 178
3 197
3 15
3 265
3 97
3 275
3 185
3 23
3 180
3 238
3 89
3 170
3 44
3 292
3 239
3 25
3 254
3 9
3 40
3 13
3 132
3 173
3 49
3 20
3 94
3 148
3 108
3 72
3 149
4 181
4 208
4 284
4 295
4 83
5 119
5 175
5 135
5 205
5 19
5 114
5 62
5 127
5 207
5 31
5 131
5 139
5 243
5 183
5 225
5 129
5 50
5 136
5 116
5 293
5 105
5 236
5 301
5 271
5 297
5 115
5 89
5 238
5 55
5 121
5 217
5 77
5 281
5 185
5 59
5 7
5 172
5 197
5 126
5 290
5 43
5 91
5 231
5 61
5 161
5 51
5 88
5 37
5 186
5 173
5 58
5 22
5 223
5 21
5 299
5 16
6 282
6 262
6 72
6 19
6 272
6 127
6 48
6 245
6 285
6 225
6 129
6 50
6 274
6 157
6 120
6 7
6 141
6 70
6 198
6 289
6 229
6 193
6 144
6 173
6 308
6 11
6 93
6 276
6 9
6 259
6 61
6 306
6 128
6 108
6 232
6 302
6 217
6 295
6 15
7 33
7 9
7 279
7 62
7 92
7 167
7 6
7 100
7 181
7 175
7 45
7 149
7 19
7 85
7 56
7 86
7 23
7 235
7 32
7 12
7 116
7 160
7 162
7 223
7 111
7 164
7 291
7 302
7 292
7 37
7 265
7 158
7 283
7 98
7 96
7 108
7 77
7 72
7 171
7 136
7 133
7 40
7 50
7 216
7 300
7 287
7 236
7 43
7 244
7 258
7 227
7 99
7 97
7 168
7 180
7 269
7 262
7 305
7 153
7 211
7 178
7 102
7 226
7 266
7 114
7 205
7 117
7 231
7 112
7 121
7 232
7 120
7 124
7 174
7 18
7 110
7 83
7 2
7 148
7 53
7 202
7 107
7 132
7 282
7 253
7 183
7 141
7 201
7 70
7 281
7 31
7 272
7 71
7 5
7 308
7 89
7 137
7 61
7 55
7 219
7 128
7 273
7 173
7 241
7 270
7 307
7 87
7 169
7 185
7 145
7 271
7 301
7 224
7 195
7 113
7 129
7 15
7 277
7 155
7 204
7 264
7 294
7 73
7 212
7 154
7 25
7 106
7 190
7 64
7 46
7 197
7 191
7 68
7 240
7 306
7 152
7 229
7 166
7 179
7 140
7 230
7 284
7 251
7 290
7 8
7 125
7 76
7 242
7 217
7 194
7 250
7 34
7 16
7 184
7 156
7 135
7 209
7 256
7 24
7 35
7 22
7 80
7 91
7 134
7 221
8 97
8 209
8 168
8 7
8 40
8 283
8 121
8 302
8 189
8 253
8 142
8 219
8 70
8 290
8 164
8 254
8 148
8 90
8 63
8 223
8 193
8 76
8 162
8 91
8 221
8 46
8 3
8 64
8 248
8 287
8 282
8 196
8 171
8 139
8 279
8 60
8 72
8 149
8 205
8 89
8 307
8 18
8 19
8 127
8 132
8 107
8 103
8 240
8 129
8 275
8 224
8 201
8 95
8 176
8 198
8 112
9 163
9 135
9 53
9 124
9 232
9 202
9 196
9 129
9 111
9 309
9 51
9 21
9 162
9 302
9 97
9 127
9 85
9 134
9 308
9 122
9 274
9 6
9 262
9 195
9 172
9 16
9 293
9 173
9 20
9 128
9 74
9 7
9 145
9 280
9 142
9 187
9 104
9 54
9 89
9 182
9 184
9 284
9 64
9 244
9 55
9 136
9 221
9 3
9 44
9 18
9 96
9 165
9 114
9 86
9 248
9 174
9 306
9 108
9 0
9 270
9 279
9 283
9 149
9 48
9 24
9 80
9 237
9 192
9 101
9 201
9 30
9 93
9 141
9 282
9 157
9 52
9 2
9 78
9 181
9 230
9 92
10 194
10 115
10 258
11 6
11 205
11 89
11 281
11 13
11 290
11 16
11 193
11 232
11 295
11 229
11 198
11 154
11 158
11 225
11 96
11 257
11 279
11 55
11 117
11 293
11 138
11 262
11 308
11 276
11 56
11 201
11 289
11 72
11 284
11 274
11 102
11 219
11 31
11 176
12 31
12 284
12 205
12 110
12 184
12 133
12 196
12 61
12 290
12 86
12 208
12 107
12 185
12 255
12 7
12 90
12 53
12 131
13 221
14 290
14 101
14 170
14 187
14 301
14 109
14 89
14 44
14 254
14 205
15 281
15 49
15 247
15 89
15 32
15 153
15 298
15 221
15 264
15 85
15 7
15 69
15 74
15 82
15 248
15 241
15 306
15 142
15 290
16 186
16 297
16 32
16 226
16 127
16 5
16 92
16 266
16 144
16 247
16 106
16 20
16 2
16 214
16 43
16 309
16 242
16 197
16 210
16 7
16 28
16 207
16 55
16 192
16 270
16 237
16 64
16 308
16 191
16 274
16 25
16 187
16 44
16 164
16 38
16 176
16 283
16 295
16 235
16 9
16 225
16 122
16 80
16 157
16 202
16 69
16 11
16 73
16 70
16 135
16 243
16 238
16 195
16 52
16 275
17 96
17 16
17 34
17 187
17 94
17 189
17 171
17 33
17 234
17 25
17 245
17 197
17 44
17 254
17 155
17 306
17 93
17 141
17 262
17 282
17 301
17 68
17 142
17 216
17 129
17 53
17 70
17 176
17 243
17 103
17 42
17 130
17 99
17 223
17 101
17 178
17 158
17 247
17 109
17 170
17 279
17 14
17 267
17 83
17 291
17 72
17 149
17 37
17 175
17 237
17 221
17 242
17 192
17 308
17 97
17 290
17 13
17 20
17 122
17 112
17 55
17 89
17 219
18 134
18 129
18 195
18 256
18 282
18 86
18 254
18 153
18 7
18 74
18 73
18 306
18 93
18 54
18 279
18 89
18 149
18 308
18 72
18 19
18 62
18 92
18 197
18 114
18 291
18 302
18 266
18 168
18 59
18 29
18 244
18 307
18 160
18 53
18 135
18 97
18 290
18 242
18 43
18 252
18 221
18 76
18 299
18 163
18 25
18 223
18 241
18 189
18 247
18 232
18 96
18 158
18 176
18 16
18 184
18 265
18 9
19 300
19 284
19 72
19 291
19 179
19 112
19 177
19 82
19 25
19 87
19 222
19 228
19 218
19 74
19 7
19 143
19 145
19 6
19 20
19 40
19 149
19 85
19 271
19 279
19 176
19 253
19 245
19 241
19 118
19 83
19 175
19 52
19 132
19 275
19 259
19 251
19 107
19 93
19 159
19 21
19 223
19 295
19 113
19 290
19 201
19 308
19 89
19 129
19 158
19 59
19 64
19 81
19 240
19 5
19 152
19 3
19 75
19 86
19 220
19 8
19 252
19 221
19 96
19 95
19 71
19 18
19 196
19 204
19 248
19 307
19 55
19 31
19 254
19 189
19 32
19 148
19 16
19 99
19 258
19 244
19 305
19 97
19 287
19 50
19 53
19 135
19 124
20 245
20 309
20 247
20 109
20 156
20 55
20 292
20 80
20 262
20 71
20 134
20 9
20 68
20 36
20 30
20 187
20 306
20 182
20 58
20 162
20 101
20 74
20 203
21 63
21 59
21 104
21 34
21 94
21 184
21 58
21 54
21 74
21 43
21 192
21 97
21 210
21 103
21 75
21 161
21 92
21 223
21 182
21 153
21 256
21 36
21 234
21 283
21 9
21 5
21 217
21 19
21 62
21 241
21 25
21 23
21 35
21 53
21 253
21 204
21 134
21 50
21 135
22 171
22 305
22 290
22 45
22 221
22 265
22 234
22 189
22 99
22 63
22 8
22 227
22 223
22 91
22 214
22 273
22 77
22 24
22 7
22 207
22 224
22 64
22 126
22 282
22 18
22 136
22 137
22 307
22 205
22 5
22 72
22 230
22 92
22 106
22 279
22 89
23 209
23 96
23 3
23 182
23 40
23 217
23 25
23 34
23 298
23 16
23 56
23 162
23 21
23 76
23 305
23 197
23 210
23 7
23 271
23 265
23 58
23 231
23 31
23 13
23 99
23 68
23 64
23 216
23 131
23 245
23 35
23 70
23 178
23 62
23 179
23 72
23 207
23 55
23 89
23 308
23 45
23 83
23 106
23 6
23 301
24 62
24 129
24 80
24 63
24 99
24 22
24 224
24 244
24 59
24 64
24 98
24 204
24 7
24 273
24 280
24 279
24 270
24 174
24 47
24 66
24 215
24 45
24 4
24 284
24 72
24 114
24 92
24 106
24 9
25 17
25 129
25 113
25 224
25 240
25 68
25 7
25 159
25 45
25 241
25 83
25 62
25 279
25 73
25 277
25 253
25 183
25 176
25 37
25 19
25 201
25 205
25 247
25 138
25 18
25 152
25 75
25 197
25 76
25 221
25 91
25 213
25 49
25 96
25 3
25 265
25 66
25 182
25 101
25 266
25 178
25 136
25 23
25 299
25 216
25 223
25 121
25 79
25 281
25 227
25 102
25 61
25 20
25 171
25 148
25 122
25 34
25 209
25 58
25 89
25 135
25 31
25 127
25 21
25 16
25 193
25 308
25 288
25 258
25 94
25 85
25 231
25 112
25 72
25 291
25 35
25 271
25 40
25 123
25 307
25 97
25 210
25 168
25 262
25 274
25 305
25 260
25 43
26 122
26 43
26 74
26 281
26 155
26 86
26 169
26 107
26 67
26 254
26 306
26 199
26 301
26 277
26 68
26 200
26 241
26 94
26 171
26 34
26 261
26 40
26 232
26 292
26 54
26 225
26 137
26 308
26 72
26 84
26 266
26 135
26 160
26 89
27 240
27 235
27 138
27 283
27 166
27 299
28 178
28 89
28 84
28 60
28 48
28 69
28 247
28 180
28 176
28 153
28 111
28 93
28 109
28 274
28 1
28 301
28 210
28 16
29 279
29 165
29 135
29 136
29 16
29 230
29 195
29 282
29 251
29 158
29 31
29 183
29 2
29 284
29 45
29 308
29 66
29 233
29 167
29 89
29 112
29 18
29 8
29 176
29 204
29 272
29 116
29 63
29 212
29 97
29 123
29 168
29 169
29 56
29 255
29 13
29 166
29 152
29 271
29 240
29 238
29 287
29 290
29 258
29 299
29 223
29 65
29 193
29 148
29 44
29 85
29 254
29 57
30 187
30 180
30 164
30 144
30 124
30 262
30 214
30 20
30 9
30 270
30 86
30 101
30 46
30 279
30 48
30 221
30 290
31 75
31 159
31 263
31 123
31 290
31 218
31 76
31 213
31 299
31 258
31 209
31 96
31 121
31 11
31 107
31 36
31 293
31 216
31 190
31 52
31 140
31 102
31 277
31 176
31 7
31 87
31 53
31 183
31 37
31 23
31 195
31 185
31 139
31 245
31 42
31 219
31 270
31 207
31 279
31 62
31 230
31 83
31 19
31 72
31 131
31 45
31 149
31 158
31 243
31 254
31 25
31 33
31 12
31 112
31 55
31 307
31 89
31 205
31 194
32 292
32 144
32 189
32 308
32 201
32 253
32 135
32 279
32 73
32 62
32 19
32 70
32 89
32 64
32 231
32 241
32 149
32 283
32 96
32 129
32 18
32 191
32 282
32 153
32 7
32 74
32 82
32 50
32 15
32 97
32 290
32 221
32 49
32 16
32 250
32 168
33 31
33 41
33 17
33 209
33 133
33 16
33 174
33 298
33 162
33 55
33 175
33 100
33 89
33 219
33 205
33 45
33 149
33 121
33 181
33 46
33 236
33 117
33 167
33 194
33 254
33 131
33 83
33 245
33 53
33 183
33 70
33 277
33 129
33 179
33 116
33 258
33 136
33 172
33 90
33 213
33 56
33 7
33 279
33 119
33 271
33 207
33 262
33 125
34 23
34 40
34 159
34 180
34 56
34 70
34 240
34 7
34 89
34 62
34 83
34 26
34 266
34 171
34 35
34 139
34 136
34 210
34 84
34 281
34 168
34 21
34 112
34 155
34 277
34 113
34 216
34 199
34 182
34 156
34 234
34 50
34 302
34 121
34 65
34 94
34 122
34 58
34 76
34 154
34 25
35 216
35 256
35 195
35 305
35 158
35 201
35 176
35 23
35 301
35 165
35 113
35 37
35 57
35 7
35 210
35 261
35 149
35 89
35 290
35 281
35 245
35 287
35 182
35 116
35 309
35 43
35 154
35 20
35 8
35 58
35 258
35 161
35 21
35 34
35 72
35 148
35 221
35 223
35 83
35 291
35 209
35 25
35 85
35 156
35 194
35 298
35 178
35 230
35 217
36 113
36 96
36 245
36 183
36 173
36 217
36 260
36 79
36 164
36 21
36 20
36 49
36 223
36 161
36 128
36 48
36 189
36 50
36 16
36 216
36 282
36 107
36 249
36 149
36 89
36 219
36 137
36 55
36 41
36 308
36 92
36 54
36 290
36 259
36 246
36 56
36 67
36 220
36 263
36 42
36 103
37 195
37 293
37 57
37 45
37 175
37 295
37 132
37 25
37 283
37 129
37 89
37 102
37 146
37 155
37 53
37 91
37 5
37 31
37 131
37 7
37 35
37 171
37 253
37 183
37 245
39 16
39 292
39 32
39 197
39 243
39 254
39 221
39 43
39 290
39 297
39 225
39 241
39 279
39 308
39 89
40 219
40 64
40 275
40 70
40 233
40 23
40 129
40 171
40 156
40 130
40 183
40 52
40 229
40 94
40 234
40 25
40 217
40 121
40 3
40 96
40 148
40 34
40 124
40 122
40 222
40 182
40 155
40 283
40 299
40 75
40 253
40 277
40 305
40 112
40 55
40 137
40 89
40 6
40 84
40 72
40 19
40 196
40 135
40 281
40 26
40 15
40 218
40 240
40 53
40 173
40 287
40 259
40 152
40 153
40 7
40 180
40 101
40 8
41 86
41 137
41 299
41 63
41 108
41 201
41 195
41 138
41 189
41 302
41 97
41 33
41 83
41 87
42 235
43 305
43 209
43 168
43 243
43 7
43 251
43 195
43 86
43 256
43 301
43 280
43 254
43 59
43 75
43 129
43 218
43 46
43 161
43 35
43 225
43 18
43 149
43 25
43 5
43 16
43 250
43 289
43 62
43 26
43 97
43 204
43 213
43 244
43 21
43 223
43 94
43 70
44 16
44 170
44 254
44 188
44 158
44 3
44 187
44 94
44 17
44 172
44 180
44 47
44 142
44 80
44 139
44 131
44 237
45 55
45 223
45 265
45 22
45 121
45 77
45 290
45 189
45 133
45 204
45 126
45 155
45 33
45 64
45 282
45 240
45 293
45 271
45 254
45 7
45 172
45 37
45 25
45 206
45 219
45 284
45 150
45 29
45 42
45 273
45 131
45 279
45 214
45 127
45 272
45 72
45 218
45 205
45 149
45 256
45 201
45 162
45 277
45 227
45 31
45 89
45 181
45 99
46 290
46 221
46 43
46 242
46 8
46 129
46 220
46 282
46 7
46 30
46 95
46 69
46 97
46 117
46 214
46 82
46 27
46 287
46 261
46 279
46 301
46 162
46 48
46 124
46 33
46 164
46 96
46 104
46 254
46 89
46 149
46 307
46 108
46 135
46 63
47 174
47 253
47 173
47 306
48 161
48 158
48 141
48 302
48 189
48 164
48 214
48 244
48 221
48 306
48 290
48 76
48 260
48 259
48 95
48 11
48 30
48 74
48 28
48 254
48 93
48 6
48 107
48 275
48 36
48 274
48 191
48 46
48 1
48 264
48 109
48 247
48 70
48 279
48 178
48 55
48 144
48 54
48 132
48 284
48 84
48 83
49 96
49 209
49 124
49 223
49 213
49 161
49 221
49 128
49 3
49 69
49 123
49 172
49 82
49 153
49 173
49 25
49 281
49 290
49 217
49 32
49 36
49 15
49 233
49 183
49 236
49 274
49 52
49 204
49 253
49 248
49 202
49 291
49 89
49 137
49 55
49 138
49 241
49 136
49 68
50 223
50 21
50 268
50 74
50 90
50 7
50 265
50 290
50 154
50 219
50 94
50 65
50 209
50 34
50 121
50 79
50 283
50 75
50 110
50 95
50 133
50 143
50 176
50 282
50 174
50 62
50 92
50 5
50 271
50 32
50 6
50 149
50 205
50 19
50 171
50 139
50 135
50 196
50 158
50 198
50 130
50 129
50 36
50 100
51 185
51 172
51 126
51 290
51 301
51 124
51 135
51 250
51 218
51 53
51 184
51 189
51 9
51 110
51 89
51 149
51 284
51 254
51 85
51 146
51 279
51 5
52 309
52 58
52 75
52 148
52 3
52 15
52 286
52 159
53 173
53 254
53 104
53 184
53 154
53 222
53 281
53 7
53 219
53 145
53 142
53 18
53 265
53 103
53 283
53 82
53 158
53 207
53 223
53 308
53 71
53 266
53 31
53 127
53 135
53 171
53 114
53 89
53 163
53 97
53 244
53 214
53 124
53 148
53 9
53 180
53 192
53 126
53 98
53 72
53 291
53 195
53 112
53 130
53 94
53 177
53 51
53 179
53 290
53 242
53 252
53 221
53 96
53 40
53 164
53 86
53 240
53 230
53 201
53 37
53 153
53 111
53 256
53 134
53 176
53 70
53 107
53 92
53 83
53 19
53 45
53 100
53 78
53 21
53 241
54 26
54 144
54 112
54 18
54 48
54 209
54 219
54 170
54 223
54 213
54 126
54 1
54 237
54 290
54 21
54 67
54 309
54 145
54 157
54 36
54 259
55 299
55 7
55 49
55 185
55 11
55 271
55 20
55 16
55 231
55 77
55 121
55 287
55 282
55 233
55 213
55 191
55 132
55 61
55 307
55 243
55 187
55 33
55 194
55 172
55 218
55 9
55 230
55 249
55 84
55 45
55 205
55 181
55 161
55 5
55 270
55 183
55 202
55 31
55 204
55 277
55 117
55 294
55 100
55 168
55 178
55 127
55 165
55 245
55 131
56 299
56 234
56 33
56 282
56 96
56 176
56 268
56 305
56 223
56 254
56 124
56 34
56 290
56 209
56 97
56 123
56 263
56 153
56 111
56 219
56 76
56 139
56 23
56 7
56 210
56 149
56 36
56 138
56 216
56 224
56 195
56 142
56 100
56 89
56 201
56 72
56 83
56 114
56 135
56 42
56 18
57 29
57 194
57 37
57 195
57 230
57 106
57 271
57 272
57 165
57 35
57 183
57 290
58 35
58 208
58 309
58 173
58 4
58 229
58 20
58 34
58 83
58 218
58 295
58 261
58 181
58 239
58 25
58 5
58 148
58 23
58 197
58 182
58 52
58 136
58 170
58 294
58 207
58 91
58 21
58 281
58 77
58 15
58 172
58 159
58 210
58 75
58 259
58 286
59 222
59 243
59 189
59 209
59 63
59 223
59 21
59 299
59 91
59 240
59 290
59 37
59 200
59 254
59 280
59 107
59 129
59 47
59 221
59 256
59 43
59 202
59 70
59 253
59 135
59 24
59 279
59 106
59 62
59 114
59 19
59 195
59 18
59 144
59 174
59 72
59 5
59 308
59 149
59 89
59 83
59 71
60 292
60 256
60 214
60 109
60 63
60 259
60 28
60 8
60 162
61 235
61 12
61 194
61 25
61 98
61 124
61 154
61 258
61 213
61 218
61 172
61 7
61 271
61 301
61 13
61 217
61 240
61 21
61 138
61 182
61 274
61 129
61 80
61 136
61 131
61 270
61 134
61 272
61 205
61 181
61 55
61 117
61 6
61 5
61 31
62 220
62 86
62 56
62 68
62 59
62 95
62 76
62 290
62 75
62 242
62 234
62 265
62 213
62 108
62 96
62 189
62 44
62 18
62 215
62 291
62 158
62 221
62 174
62 7
62 184
62 16
62 148
62 63
62 205
62 114
62 266
62 23
62 264
62 155
62 201
62 66
62 277
62 195
62 224
62 142
62 280
62 87
62 123
62 281
62 222
62 161
62 122
62 129
62 34
62 282
62 31
62 25
62 72
62 112
62 164
62 94
62 223
62 21
62 268
62 37
62 159
62 107
62 199
62 256
62 140
62 176
62 70
62 127
62 138
62 120
62 149
62 209
62 298
62 24
62 241
62 250
62 254
62 299
62 219
62 32
62 41
62 89
62 5
62 71
62 84
62 135
62 279
62 47
62 53
62 270
62 171
62 244
62 43
62 305
62 83
62 210
62 287
62 50
62 168
63 241
63 191
63 62
63 114
63 282
63 280
63 24
63 103
63 219
63 233
63 89
63 71
63 41
63 174
63 66
63 308
63 149
63 60
63 248
63 183
63 72
63 46
63 176
63 8
63 195
63 129
63 123
63 127
63 47
63 189
63 79
63 96
63 148
63 223
63 21
63 215
63 76
63 290
63 97
63 168
63 87
63 59
63 254
63 142
63 244
63 64
64 99
64 299
64 214
64 23
64 8
64 93
64 130
64 3
64 180
64 45
64 162
64 290
64 237
64 219
64 122
64 63
64 227
64 121
64 146
64 20
64 254
64 9
64 283
64 38
64 148
64 40
64 89
64 22
64 195
64 16
64 173
64 32
64 106
64 127
64 279
64 196
64 224
64 211
64 70
64 176
64 247
64 135
64 309
64 273
64 24
64 109
64 92
64 253
64 37
64 74
64 19
64 306
64 129
64 7
64 262
64 287
64 142
64 72
64 167
64 248
65 180
65 166
65 145
65 246
65 143
65 125
65 281
65 215
65 213
65 154
65 34
65 121
65 217
65 291
65 119
65 252
65 280
65 141
65 298
65 231
65 229
65 29
65 234
65 100
65 251
65 117
65 283
65 106
65 139
65 253
65 102
65 113
65 50
65 288
65 238
65 294
66 236
66 72
66 62
66 25
66 140
66 24
66 63
66 290
66 270
66 209
67 301
67 266
67 123
67 54
67 135
67 259
68 160
68 219
68 291
68 202
68 23
68 20
68 262
68 247
68 129
68 62
68 26
68 83
68 49
68 178
68 7
68 101
68 16
68 124
68 3
68 197
68 163
68 97
68 290
68 74
68 265
68 234
68 25
68 189
68 223
68 221
68 232
69 46
69 48
69 178
69 241
69 274
69 180
69 30
69 172
69 15
69 109
69 84
69 186
69 247
69 93
69 139
69 135
69 49
69 242
69 16
69 283
69 298
69 223
69 1
69 305
69 275
69 226
69 85
70 162
70 76
70 222
70 99
70 265
70 112
70 297
70 262
70 16
70 62
70 43
70 132
70 258
70 268
70 37
70 242
70 290
70 8
70 305
70 197
70 87
70 210
70 180
70 7
70 59
70 259
70 276
70 18
70 240
70 144
70 90
70 89
70 32
70 34
70 40
70 254
70 33
70 283
70 96
70 209
70 148
70 94
70 129
70 134
70 176
70 253
70 64
70 171
70 6
70 72
70 53
70 83
70 266
70 92
70 106
70 291
70 127
70 48
70 73
70 135
70 23
70 274
71 203
71 158
71 24
71 180
71 63
71 162
71 20
71 7
71 129
71 222
71 53
71 109
71 245
71 18
71 250
71 189
71 156
71 248
71 292
71 135
71 309
71 19
72 241
72 45
72 195
72 16
72 224
72 279
72 83
72 149
72 308
72 112
72 89
72 18
72 292
72 162
72 223
72 64
72 53
72 273
72 66
72 130
72 7
72 176
72 115
72 221
72 25
72 254
72 282
72 197
72 189
72 219
72 40
72 290
72 184
72 214
72 99
72 129
72 134
72 204
72 96
72 70
73 136
73 170
73 270
73 19
73 261
73 120
73 89
73 307
73 25
73 32
73 181
73 135
73 179
73 141
73 165
73 176
73 201
73 264
73 129
73 113
73 1
73 157
73 70
73 182
73 309
73 145
73 97
73 76
73 195
73 259
73 95
73 292
73 158
73 28
73 185
73 153
73 56
73 67
73 263
73 132
73 161
73 283
73 79
73 164
73 250
73 34
73 276
73 184
73 111
73 227
73 258
73 124
74 232
74 283
74 243
74 198
74 211
74 219
74 135
74 68
74 64
74 195
74 288
74 140
74 202
74 253
74 1
74 50
74 171
74 20
74 306
74 176
74 21
74 268
74 91
74 19
74 215
74 26
74 112
74 89
74 110
74 18
74 109
74 92
74 247
74 103
74 160
74 93
74 9
74 75
74 15
74 173
74 284
74 97
75 256
75 50
75 31
75 216
75 96
75 234
75 283
75 229
75 25
75 110
75 40
75 100
75 102
75 205
75 149
75 19
75 119
75 92
75 294
75 135
75 171
75 114
75 52
75 213
75 89
75 217
75 193
75 190
75 87
75 97
75 86
75 290
75 43
75 74
75 203
75 276
75 141
75 159
75 286
75 268
75 219
75 108
75 189
75 148
75 223
75 265
75 21
75 94
75 38
75 209
75 121
75 58
76 307
76 127
76 120
76 89
76 149
76 72
76 48
76 103
76 245
76 171
76 236
76 141
76 56
76 23
76 18
76 73
76 210
76 7
76 8
76 123
76 305
76 290
76 221
76 299
76 95
76 223
76 159
76 34
76 164
76 189
76 25
76 254
76 158
76 162
76 87
76 148
77 16
77 290
77 218
77 90
77 172
77 205
77 110
77 295
77 89
77 250
77 219
77 223
77 91
77 104
77 121
77 189
77 194
77 217
77 234
77 25
77 158
77 221
77 58
77 22
77 222
77 308
77 116
77 55
77 45
77 137
77 231
77 87
77 169
77 56
77 7
77 153
77 75
77 297
77 271
77 251
77 185
77 52
77 149
77 72
77 127
77 207
77 31
77 5
77 171
77 130
77 226
77 136
78 145
78 133
78 116
78 258
78 293
78 194
78 206
78 308
78 115
78 127
78 111
78 110
78 53
78 135
78 51
78 9
78 230
78 184
79 307
79 117
79 205
79 308
79 219
79 132
79 85
79 161
79 265
79 258
79 221
79 25
79 264
79 55
79 94
79 290
79 299
79 220
79 291
79 225
79 202
79 277
79 126
79 50
79 256
79 135
79 260
79 145
79 259
79 95
79 200
79 169
79 86
79 36
80 288
80 138
80 157
80 182
80 262
80 240
80 260
80 290
80 7
80 101
80 134
80 98
80 44
80 129
80 166
80 171
80 20
80 309
80 187
80 61
80 16
80 194
80 235
80 265
80 2
80 9
80 89
80 0
80 284
80 266
80 47
80 24
80 55
81 235
81 182
81 295
81 18
81 89
81 246
81 103
81 148
81 308
81 221
81 244
81 240
81 154
81 149
81 260
81 276
81 289
81 218
81 210
81 13
81 138
81 153
81 256
81 285
81 135
81 173
81 251
81 282
81 266
81 19
81 72
81 242
81 290
81 241
82 19
82 241
82 291
82 53
82 86
82 46
82 142
82 274
82 287
82 223
82 308
82 32
82 256
82 169
82 153
82 15
82 258
82 49
82 193
83 216
83 287
83 103
83 180
83 70
83 97
83 124
83 214
83 258
83 227
83 288
83 148
83 33
83 305
83 50
83 139
83 53
83 19
83 149
83 100
83 132
83 153
83 196
83 102
83 37
83 282
83 256
83 134
83 135
83 235
83 171
83 270
83 176
83 223
83 299
83 252
83 111
83 106
83 291
83 72
83 112
83 295
83 164
83 302
83 35
83 231
83 48
83 127
83 64
83 46
83 8
83 290
83 200
83 191
83 233
83 138
83 68
83 81
83 192
83 182
83 152
83 59
83 56
83 86
83 220
83 197
83 240
83 92
83 210
83 131
83 109
83 96
83 212
83 156
83 219
83 41
83 144
83 12
83 189
83 108
83 91
83 49
83 217
83 298
83 250
83 209
83 34
83 215
83 158
83 266
83 18
83 307
83 117
83 221
83 114
83 292
83 207
83 254
83 23
83 184
83 16
83 289
83 20
83 243
83 204
83 264
83 25
83 242
83 69
83 259
83 31
83 271
83 71
83 308
83 89
83 137
83 241
83 73
83 107
83 84
83 222
83 17
83 15
83 201
83 129
83 113
83 281
83 195
83 224
83 58
83 142
83 301
83 7
83 74
83 82
83 87
83 123
83 62
84 235
84 94
84 122
84 281
84 274
84 93
84 69
84 240
84 180
84 34
84 299
84 40
84 26
84 62
84 270
84 277
84 55
84 129
84 105
84 1
84 243
85 111
85 250
85 20
85 223
85 222
85 221
85 305
85 192
85 290
85 89
85 275
85 288
85 32
85 184
85 71
85 61
85 289
85 241
85 135
85 19
85 149
85 94
85 256
85 97
85 148
85 168
85 180
85 255
85 69
85 240
85 301
85 15
85 16
85 286
85 7
85 116
85 9
85 29
85 234
85 25
85 146
85 189
85 79
85 177
85 232
86 258
86 154
86 122
86 184
86 209
86 79
86 138
86 107
86 129
86 289
86 62
86 92
86 99
86 240
86 299
86 75
86 221
86 252
86 89
86 305
86 43
86 12
86 30
86 153
86 200
86 82
86 169
86 163
86 290
86 116
86 7
86 84
86 91
86 308
86 19
86 109
86 135
86 158
86 139
86 171
86 253
86 110
86 225
86 201
86 277
86 279
86 288
86 224
86 142
86 53
86 226
86 191
86 219
86 9
86 243
86 234
86 283
86 189
86 212
86 132
86 18
86 41
86 26
86 83
86 302
86 127
87 219
87 114
87 123
87 97
87 83
87 307
87 195
87 144
87 41
87 158
87 132
87 264
87 234
87 63
87 96
87 164
87 209
87 189
87 193
87 124
87 223
87 162
87 227
87 221
87 290
87 148
87 138
87 302
87 233
87 31
87 176
87 282
87 107
87 271
87 103
87 224
87 75
87 153
87 197
87 7
87 56
87 159
87 68
87 263
87 308
87 95
87 19
87 89
87 135
87 241
87 112
87 127
87 62
87 100
87 18
87 149
87 200
87 279
87 72
88 101
88 233
88 131
88 105
88 177
88 55
88 231
88 20
89 99
89 282
89 40
89 149
89 308
89 19
89 72
89 279
89 241
89 176
89 134
89 219
89 223
89 148
89 133
89 25
89 221
89 123
89 7
89 290
89 229
89 254
89 234
89 96
89 269
90 31
90 258
90 223
90 305
90 149
90 127
90 240
90 241
90 135
90 251
90 119
90 2
90 279
90 219
90 33
90 25
90 12
90 221
90 107
90 189
90 85
90 96
90 104
90 77
90 148
90 16
90 162
90 299
90 121
90 158
90 262
90 8
90 282
90 18
90 112
90 89
90 175
90 205
90 308
90 81
90 254
90 95
90 75
90 143
90 56
90 87
90 197
90 239
90 97
90 172
90 301
90 171
90 70
90 52
90 195
90 176
90 46
90 72
90 45
90 290
90 281
90 103
90 266
91 209
91 221
91 8
91 290
91 37
91 129
91 56
91 77
91 194
91 146
91 219
91 7
91 59
91 22
91 187
91 125
91 137
91 204
91 136
91 31
91 106
91 72
91 5
91 132
91 83
91 117
91 295
91 25
91 144
91 70
91 175
91 89
92 21
92 75
92 74
92 86
92 290
92 8
92 252
92 99
92 221
92 16
92 96
92 283
92 234
92 7
92 9
92 70
92 22
92 186
92 217
92 262
92 109
92 53
92 135
92 24
92 103
92 219
92 266
92 18
92 254
92 137
92 149
92 72
92 83
92 183
92 50
92 64
92 36
92 110
93 232
93 306
93 270
93 173
93 202
93 11
93 6
93 247
93 109
93 178
93 74
94 122
94 237
94 164
94 9
94 254
94 25
94 79
94 44
94 3
94 187
94 209
94 21
94 222
94 283
94 233
94 43
94 213
94 34
94 74
94 242
94 305
94 290
94 281
94 68
94 40
94 301
94 200
94 75
94 185
94 246
94 287
94 210
94 184
94 142
94 258
94 135
94 245
94 171
94 53
94 70
94 173
94 277
94 190
94 50
94 170
94 176
94 73
94 62
94 270
94 127
94 275
94 266
94 106
94 265
94 223
94 199
94 155
94 279
94 156
94 224
94 112
94 307
94 84
94 19
94 26
94 92
94 195
95 282
95 171
95 254
95 79
95 198
95 234
95 305
95 113
95 143
95 296
95 50
95 46
95 233
95 141
95 123
95 87
95 8
95 190
95 242
95 209
95 221
95 76
95 48
95 127
95 279
95 19
95 137
95 205
95 120
95 41
95 62
95 73
95 181
95 241
95 301
95 201
95 223
95 292
95 244
96 222
96 107
96 299
96 223
96 189
96 25
96 217
96 234
96 9
96 242
96 44
96 290
96 254
96 87
96 169
96 7
96 200
96 269
96 75
96 186
96 221
96 112
96 308
96 40
96 263
96 219
96 144
96 125
96 18
96 46
96 191
96 100
96 224
96 282
96 195
96 52
96 129
96 226
96 176
96 70
96 134
96 109
96 262
96 158
96 307
96 130
96 149
96 89
96 92
96 127
96 279
96 241
96 72
97 127
97 43
97 148
97 124
97 63
97 244
97 305
97 135
97 180
97 255
97 262
97 287
97 102
97 202
97 113
97 168
97 308
97 25
97 224
97 282
97 137
97 32
97 219
97 212
97 254
97 195
97 41
97 298
97 250
97 281
97 123
97 87
97 169
97 7
97 271
97 209
97 129
97 258
97 18
97 114
97 30
97 307
97 241
97 131
97 176
97 279
97 256
97 100
97 29
97 213
97 221
97 8
97 290
97 183
97 264
97 56
97 117
97 75
97 68
97 138
97 233
97 201
97 291
97 112
97 231
97 85
97 46
97 309
97 111
97 223
97 21
97 299
97 153
97 240
97 302
98 223
98 265
98 187
98 53
98 27
98 80
98 61
98 194
98 126
98 255
98 166
98 240
98 182
98 138
98 272
98 7
98 116
98 175
99 221
99 134
99 290
99 224
99 107
99 299
99 195
99 72
99 162
99 149
99 64
99 89
99 153
99 184
99 254
99 227
99 92
99 7
100 96
100 65
100 97
100 50
100 33
100 253
100 53
100 83
100 241
100 131
100 284
100 117
100 167
100 121
100 179
100 262
100 125
100 55
100 299
100 234
100 143
100 75
100 56
100 145
100 141
100 217
100 168
100 223
100 290
100 221
100 252
100 213
100 7
101 157
101 30
101 188
101 262
101 178
101 195
101 309
101 263
101 68
101 128
101 14
101 235
101 187
101 308
101 25
101 89
101 9
101 254
101 40
101 44
101 20
101 55
101 279
102 16
102 223
102 97
102 281
102 94
102 258
102 65
102 305
102 193
102 25
102 231
102 7
102 75
102 209
102 37
102 251
102 244
102 168
102 256
102 141
102 274
102 307
102 83
102 195
102 89
102 11
102 132
102 113
102 276
102 149
103 242
103 246
103 200
103 123
103 8
103 218
103 189
103 21
103 154
103 79
103 81
103 112
103 145
103 244
103 259
103 204
103 307
103 108
103 137
103 257
103 308
103 289
103 92
103 144
103 207
103 127
103 178
103 251
103 113
103 279
104 9
104 184
104 142
104 127
104 192
104 242
104 290
104 162
104 77
104 21
104 90
104 16
104 46
104 288
104 134
104 171
104 135
104 207
104 89
104 205
104 72
104 38
104 53
105 178
105 294
105 101
105 180
105 93
105 84
105 55
105 247
105 113
105 72
105 241
106 7
106 141
106 281
106 143
106 125
106 91
106 124
106 65
106 16
106 209
106 234
106 215
106 199
106 220
106 231
106 24
106 245
106 117
106 129
106 195
106 64
106 142
106 70
107 275
107 282
107 16
107 149
107 221
107 184
107 7
107 135
107 195
107 242
107 223
107 279
107 53
108 159
108 225
108 299
108 290
108 122
108 227
108 9
108 263
108 234
108 7
108 283
108 3
108 164
108 16
108 229
108 141
108 184
108 46
108 282
108 130
108 207
108 201
108 106
108 83
108 257
108 62
108 31
108 6
108 252
108 41
108 129
108 52
108 195
108 137
109 99
109 129
109 86
109 305
109 214
109 162
109 134
109 184
109 156
109 203
109 158
109 226
109 202
109 256
109 20
109 191
109 127
109 259
109 309
109 180
109 292
109 93
109 60
109 48
109 132
109 247
109 24
109 131
109 74
109 245
109 200
109 178
110 255
110 86
110 126
110 7
110 74
110 50
110 191
110 75
110 301
110 92
110 12
110 293
110 116
110 149
110 194
111 218
111 153
111 7
111 97
111 108
111 129
111 223
111 56
111 181
111 176
112 307
112 193
112 229
112 34
112 162
112 8
112 290
112 97
112 87
112 29
112 74
112 7
112 103
112 25
112 234
112 114
112 243
112 40
112 83
112 210
112 54
112 223
112 129
112 302
112 96
112 156
112 72
112 291
112 254
112 276
112 240
112 138
112 19
112 116
112 134
112 70
112 130
112 53
112 73
112 31
112 62
112 308
112 219
113 213
113 152
113 241
113 145
113 72
113 281
113 168
113 97
113 290
113 136
113 7
113 71
113 249
113 131
113 117
113 89
113 149
113 308
113 257
113 120
113 19
113 83
113 127
113 294
113 221
113 279
113 222
113 95
113 36
113 223
113 305
113 233
113 216
113 129
113 102
113 155
113 158
113 35
113 245
113 165
113 138
113 52
113 204
113 271
113 103
113 65
113 34
113 148
113 189
113 302
113 154
113 295
113 156
113 231
113 265
113 25
114 134
114 191
114 53
114 46
114 195
114 129
114 174
114 18
114 307
114 89
114 149
114 52
114 306
114 7
114 87
114 169
114 210
114 56
114 262
114 62
114 75
114 153
114 59
114 254
114 103
114 280
114 140
114 202
114 266
114 121
114 168
114 247
114 305
114 97
114 173
114 248
114 308
114 72
114 261
114 178
114 176
114 5
114 222
114 3
114 258
114 290
114 63
114 135
114 223
114 83
114 132
114 112
114 219
114 244
114 189
114 24
114 184
114 133
114 9
115 195
115 72
115 5
115 258
115 307
115 290
115 10
115 185
115 203
115 282
115 245
115 116
115 117
115 309
115 239
115 194
115 78
115 206
115 279
115 170
115 241
115 89
115 0
116 77
116 15
116 193
116 184
116 20
116 258
116 192
116 290
116 281
116 86
116 226
116 7
116 201
116 176
116 98
116 153
116 28
116 166
116 152
116 301
116 5
116 169
116 298
116 111
116 308
116 79
116 115
116 35
116 135
116 279
116 26
116 78
116 239
116 112
116 167
116 156
116 89
116 110
116 33
116 85
116 29
116 217
116 282
116 251
116 13
116 129
116 9
117 229
117 61
117 55
117 167
117 100
117 205
117 219
117 231
117 33
117 223
117 217
117 194
117 121
117 65
117 91
117 252
117 218
117 97
117 290
117 234
117 215
117 115
117 236
117 238
117 145
117 185
117 131
117 166
117 125
117 175
117 280
117 262
117 11
117 287
117 249
117 7
117 165
117 168
117 272
117 179
117 181
117 46
117 284
118 290
118 89
118 18
118 155
118 61
118 301
118 277
118 122
118 84
118 19
118 266
118 62
118 221
118 270
118 129
119 290
119 131
119 65
119 75
119 136
119 294
119 89
119 52
119 308
119 5
119 33
119 230
119 205
119 218
120 113
120 287
120 73
120 245
120 292
120 149
120 48
120 89
120 62
120 136
120 241
120 0
120 281
120 6
120 13
120 7
120 121
120 217
120 157
120 141
120 95
120 269
120 30
120 224
120 221
120 290
120 76
120 1
120 193
120 263
120 164
121 271
121 77
121 148
121 217
121 33
121 234
121 219
121 40
121 231
121 166
121 254
121 134
121 34
121 283
121 38
121 255
121 133
121 31
121 8
121 218
121 126
121 290
121 305
121 65
121 7
121 159
121 75
121 185
121 214
121 213
121 25
121 90
121 215
121 171
121 291
121 226
121 139
121 183
121 225
121 114
121 129
121 190
121 50
121 1
121 224
121 170
121 64
121 238
121 236
121 52
121 204
121 249
121 196
121 5
121 149
121 287
121 181
121 89
121 45
121 120
121 117
121 137
121 307
121 55
121 279
121 100
122 89
122 84
122 72
122 83
122 266
122 26
122 62
122 247
122 171
122 155
122 199
122 274
122 64
122 68
122 277
122 201
122 285
122 52
122 149
122 309
122 182
122 118
122 1
122 281
122 167
122 86
122 299
122 94
122 38
122 292
122 217
122 132
122 16
122 34
122 2
122 156
122 219
122 169
122 107
122 9
122 25
122 108
122 40
123 131
123 254
123 219
123 264
123 67
123 307
123 89
123 149
123 176
123 72
123 56
123 87
123 97
123 305
123 290
123 218
123 223
123 148
123 25
123 224
124 184
124 282
124 220
124 210
124 103
124 200
124 153
124 30
124 123
124 129
124 7
124 223
124 281
124 142
124 49
124 68
124 46
124 305
124 221
124 258
124 299
124 290
124 240
124 190
124 195
124 73
124 56
124 83
124 97
124 53
124 171
124 135
124 241
124 87
124 89
124 149
124 308
124 19
124 253
124 291
124 279
124 209
124 106
124 238
124 40
124 9
124 243
124 254
124 201
124 283
124 302
124 189
124 164
125 264
125 30
125 186
125 262
125 141
125 240
125 233
125 274
125 290
125 216
125 179
125 52
125 221
125 106
125 191
125 143
125 65
125 16
125 91
125 284
125 304
125 117
125 100
125 89
125 176
125 239
125 4
125 47
125 254
125 33
125 189
125 226
125 96
126 76
126 221
126 94
126 22
126 161
126 184
126 299
126 213
126 169
126 208
126 145
126 139
126 236
126 293
126 224
126 256
126 35
126 129
126 80
126 53
126 301
126 273
126 133
126 239
126 226
126 135
126 160
126 98
126 24
126 178
126 279
126 92
126 249
126 5
126 308
126 45
126 205
126 294
126 54
126 110
126 121
126 219
126 243
126 212
126 283
126 79
126 51
126 304
126 254
127 45
127 241
127 5
127 266
127 145
127 279
127 282
127 245
127 53
127 176
127 142
127 109
127 55
127 135
127 103
127 63
127 197
127 219
127 9
127 113
127 96
127 189
127 16
127 243
127 223
127 290
127 97
127 186
127 25
127 184
128 204
128 262
128 101
128 188
128 7
128 36
128 157
128 236
128 253
128 247
128 89
128 6
128 137
128 149
128 9
128 49
128 217
128 173
128 38
129 50
129 171
129 208
129 196
129 84
129 144
129 5
129 308
129 236
129 260
129 71
129 287
129 168
129 9
129 210
129 32
129 97
129 305
129 43
129 63
129 124
129 148
129 121
129 277
129 180
129 201
129 190
129 106
129 40
129 153
129 200
129 126
129 162
129 223
129 25
129 111
129 166
129 152
129 164
129 295
129 240
129 291
129 231
129 112
129 6
129 68
129 46
129 64
129 173
129 72
129 33
129 80
129 24
129 179
129 259
129 264
129 256
129 266
129 282
129 160
129 176
129 70
129 134
129 263
129 209
129 250
129 184
129 222
129 205
129 140
129 15
129 123
129 61
129 7
129 59
129 213
129 8
129 86
129 290
129 197
129 185
129 218
129 307
129 109
129 116
129 19
129 108
129 17
129 132
129 175
129 181
129 149
129 83
129 18
129 62
129 279
129 294
129 217
129 253
129 158
129 73
129 283
129 189
129 113
129 234
129 224
129 301
129 96
129 183
129 195
130 64
130 19
130 275
130 8
130 44
130 96
130 72
130 17
130 77
130 287
130 186
130 246
130 273
130 279
130 40
131 183
131 176
131 201
131 155
131 216
131 170
131 284
131 23
131 258
131 61
131 277
131 42
131 207
131 136
131 55
131 37
131 123
131 172
131 119
131 204
131 271
131 282
131 233
131 31
131 109
131 117
131 113
131 219
131 294
131 83
131 272
131 100
131 149
131 45
131 205
131 181
131 89
131 97
131 290
131 218
131 5
131 150
131 305
131 231
131 254
131 33
131 44
131 12
131 133
131 223
131 213
131 230
131 209
132 173
132 86
132 37
132 87
132 7
132 57
132 259
132 260
132 22
132 79
132 306
132 94
132 264
132 171
132 129
132 190
132 70
132 8
132 302
132 91
132 226
132 161
132 109
132 73
132 244
132 20
132 47
132 270
132 106
132 114
132 72
132 198
132 308
132 175
132 89
132 55
132 221
132 146
132 219
132 295
132 284
133 249
133 272
133 45
133 175
133 12
133 137
133 183
133 33
133 131
133 89
133 160
133 225
133 217
133 42
133 121
133 290
133 7
133 50
133 166
133 271
133 236
133 143
134 83
134 99
134 18
134 61
134 89
134 72
134 219
134 104
134 9
134 234
134 96
134 184
134 20
134 235
134 112
134 223
134 192
134 21
134 240
134 80
134 129
134 70
134 109
134 266
134 224
134 53
134 282
134 271
134 153
134 7
134 169
134 290
134 138
135 145
135 78
135 87
135 67
135 74
135 7
135 142
135 29
135 247
135 266
135 307
135 18
135 75
135 116
135 149
135 283
135 277
135 189
135 226
135 86
135 3
135 50
135 293
135 297
135 103
135 92
135 124
135 255
135 97
135 19
135 79
135 9
135 53
135 196
135 127
135 26
135 290
135 83
135 221
135 230
135 81
135 282
135 223
135 107
135 138
135 72
135 51
135 85
135 25
135 130
135 21
135 299
135 268
135 192
135 162
135 69
135 56
135 126
135 275
135 40
135 254
135 219
135 32
135 70
135 73
135 62
135 71
135 166
135 308
135 89
135 5
135 52
135 222
135 184
135 16
135 104
135 240
135 15
136 263
136 58
136 7
136 143
136 185
136 271
136 224
136 281
136 217
136 218
136 20
136 184
136 45
136 34
136 250
136 149
136 25
136 111
136 153
136 15
136 33
136 137
136 102
136 254
136 56
136 95
136 279
136 204
136 113
136 1
136 119
136 115
136 9
136 272
136 5
136 308
136 233
136 240
136 172
136 89
136 214
136 32
136 241
136 221
136 44
136 265
136 231
136 164
136 205
136 234
136 61
136 112
136 292
136 230
136 13
136 29
136 207
136 165
136 77
136 22
136 0
136 140
136 131
136 284
136 179
136 49
136 239
136 120
136 290
136 123
136 91
136 73
136 309
136 183
136 189
136 70
136 176
136 170
136 30
136 69
136 190
136 157
136 256
136 141
137 36
137 92
137 241
137 183
137 204
137 256
137 289
137 240
137 26
137 290
137 59
137 7
137 180
137 169
137 236
137 128
137 97
137 103
137 249
137 185
137 41
137 83
137 217
137 222
137 299
137 258
137 49
137 20
137 133
137 148
137 223
137 212
137 243
137 302
137 79
137 89
137 242
137 91
137 308
137 108
138 262
138 49
138 193
138 98
138 219
138 194
138 243
138 235
138 223
138 302
138 265
138 11
138 221
138 192
138 97
138 87
138 86
138 56
138 153
138 166
138 240
138 260
138 162
138 214
138 169
138 25
138 279
138 182
138 176
138 80
138 134
138 1
138 190
138 81
138 226
138 113
138 241
138 61
138 62
138 256
138 272
138 71
138 84
138 308
138 149
138 27
138 41
138 112
138 287
138 18
138 83
139 213
139 221
139 223
139 252
139 76
139 111
139 287
139 65
139 34
139 206
139 240
139 8
139 126
139 209
139 15
139 218
139 69
139 254
139 255
139 56
139 86
139 264
139 168
139 123
139 172
139 97
139 180
139 241
139 290
139 282
139 72
139 18
139 219
139 305
139 243
139 234
139 121
139 298
139 233
139 224
139 195
139 176
139 183
139 281
139 171
139 44
139 50
139 31
139 307
139 170
139 100
139 89
139 181
139 308
139 117
139 5
139 149
139 301
139 279
139 92
139 83
140 66
140 299
140 307
140 213
140 215
140 209
140 63
140 55
140 174
140 304
140 245
140 31
140 62
140 129
140 282
140 240
140 280
140 30
140 7
140 305
140 290
140 244
140 89
141 136
141 241
141 109
141 247
141 73
141 221
141 211
141 219
141 102
141 48
141 195
141 245
141 9
141 263
141 225
141 168
141 189
141 125
141 281
141 242
141 76
141 290
141 223
141 63
141 20
141 184
141 274
141 95
141 68
141 306
141 282
141 157
141 149
141 108
141 106
141 72
141 0
141 6
141 7
141 89
141 100
141 144
141 18
141 292
141 120
141 164
141 262
141 107
141 143
141 17
141 65
141 16
141 75
141 158
141 198
141 254
141 93
141 96
141 13
142 15
142 153
142 103
142 82
142 219
142 63
142 8
142 189
142 226
142 127
142 220
142 56
142 124
142 264
142 86
142 64
143 263
143 123
143 168
143 100
143 161
143 87
143 159
143 95
143 141
143 125
143 233
143 50
143 179
143 200
143 144
143 281
143 203
143 190
143 89
143 258
143 162
143 305
143 65
143 158
143 219
143 102
143 176
143 290
143 133
143 106
143 284
143 205
143 257
143 41
143 247
143 196
144 175
144 89
144 54
144 41
144 146
144 96
144 37
144 91
144 290
144 128
144 253
144 308
144 221
144 263
144 149
144 127
144 6
144 47
144 235
144 9
144 212
144 295
144 25
144 83
144 269
144 268
144 135
144 247
144 48
144 76
144 189
144 299
144 276
144 258
144 148
144 190
144 129
144 102
144 32
144 274
144 107
144 11
144 306
144 143
144 59
144 30
144 57
144 200
144 169
144 103
144 159
144 87
144 184
144 16
144 193
144 209
144 208
144 106
144 20
144 64
144 262
144 141
144 225
144 132
144 70
145 252
145 221
145 222
145 244
145 223
145 49
145 126
145 184
145 16
145 164
145 79
145 241
145 20
145 290
145 302
145 65
145 53
145 74
145 7
145 30
145 254
145 190
145 113
145 103
145 107
145 282
145 135
145 176
145 195
145 109
145 189
145 48
145 283
145 123
145 292
145 18
145 307
145 304
145 54
145 117
145 100
145 89
145 149
145 308
145 71
145 78
145 19
145 291
145 76
145 127
145 207
145 279
145 25
145 73
145 72
145 305
145 230
145 242
145 219
145 231
145 158
145 9
146 290
146 85
146 185
146 64
146 209
146 55
146 241
146 51
146 132
146 61
148 121
148 3
148 149
148 300
148 19
148 83
148 62
148 230
148 294
148 241
148 38
148 35
148 53
148 144
148 229
148 256
148 224
148 253
148 89
148 302
148 283
148 25
148 85
148 64
148 29
148 40
148 219
148 275
148 129
148 52
148 113
148 137
148 183
148 196
148 234
148 97
148 296
148 87
148 244
148 90
148 152
148 286
148 123
148 75
148 197
148 210
148 153
148 7
148 176
148 259
148 8
148 159
148 76
148 81
148 242
148 58
148 282
148 287
148 168
148 154
148 70
148 63
148 223
148 213
148 271
148 221
148 20
149 264
149 155
149 202
149 56
149 219
149 281
149 290
149 222
149 247
149 210
149 102
149 96
149 299
149 33
149 234
149 148
149 254
149 99
149 241
149 73
149 279
149 266
149 223
149 7
149 164
149 189
149 259
149 43
149 282
149 6
149 89
149 110
149 32
149 18
149 107
149 250
149 124
149 227
149 214
149 265
149 209
149 308
149 176
149 72
149 81
149 50
149 113
149 19
149 123
149 305
149 242
149 221
149 252
149 291
149 129
150 55
150 45
150 214
150 155
150 89
150 161
150 131
150 96
150 277
151 176
151 282
151 221
151 290
151 89
151 20
151 72
151 189
151 149
151 254
151 223
152 87
152 242
152 222
152 223
152 148
152 29
152 204
152 180
152 40
152 7
152 25
152 217
152 271
152 108
152 113
152 190
152 116
152 205
152 149
152 300
152 19
152 175
152 279
152 196
152 160
152 253
152 129
153 279
153 295
153 302
153 164
153 149
153 19
153 21
153 40
153 73
153 107
153 253
153 176
153 134
153 282
153 30
153 200
153 299
153 3
153 241
153 96
153 261
153 77
153 124
153 148
153 193
153 243
153 99
153 56
153 223
153 72
153 291
153 108
153 191
153 81
153 240
153 95
153 86
153 158
153 197
153 290
153 221
153 49
153 138
153 111
153 83
153 307
153 114
153 266
153 264
153 201
153 277
153 129
153 195
153 142
153 7
153 74
153 82
153 87
153 15
153 281
153 222
153 154
153 18
153 116
153 189
153 184
153 16
153 28
153 194
153 305
153 209
153 308
153 254
153 132
153 212
153 156
153 32
153 137
153 89
153 219
153 257
153 135
153 97
153 53
153 288
153 293
153 103
153 210
153 272
153 163
154 241
154 218
154 161
154 213
154 224
154 301
154 113
154 159
154 251
154 86
154 53
154 200
154 153
154 246
154 103
154 148
154 11
154 81
154 276
154 240
154 34
154 7
154 65
154 176
154 244
154 50
154 179
154 223
154 134
154 204
154 225
154 201
154 253
154 285
154 35
154 209
154 170
154 288
154 31
154 289
154 149
154 61
154 304
154 217
154 194
154 245
155 204
155 270
155 62
155 89
155 122
155 19
155 171
155 294
155 131
155 245
155 150
155 149
155 201
155 45
155 124
155 37
155 298
155 281
155 190
155 30
155 301
155 199
155 217
155 7
155 40
155 113
155 94
155 34
155 277
155 194
156 94
156 301
156 203
156 185
156 254
156 302
156 96
156 34
156 116
156 7
156 124
156 122
156 20
156 162
156 281
156 109
156 153
156 111
156 184
156 201
156 176
156 183
156 292
156 175
156 112
156 197
156 40
156 233
156 142
156 113
156 134
156 71
156 83
156 266
156 199
156 127
156 309
156 158
156 245
156 35
156 155
157 245
157 20
157 221
157 290
157 1
157 101
157 262
157 188
157 306
157 141
157 263
157 187
157 80
157 281
157 226
157 128
157 73
157 254
157 9
157 13
157 164
157 63
157 16
157 54
157 89
157 6
157 309
157 0
157 136
157 241
157 120
158 162
158 214
158 259
158 53
158 221
158 292
159 121
159 108
159 148
159 34
159 265
159 193
159 58
159 154
159 76
159 75
159 286
159 263
159 87
159 143
159 290
159 259
159 25
159 144
159 89
159 19
159 72
159 114
159 308
159 62
159 31
159 52
159 190
159 177
159 289
159 229
160 74
160 7
160 133
160 205
160 179
160 129
160 202
160 172
160 26
160 126
160 244
160 18
160 152
160 272
161 2
161 35
161 305
161 258
161 150
161 43
161 244
161 154
161 49
161 94
161 218
161 79
161 302
161 132
161 21
161 55
161 173
161 126
161 261
161 259
161 143
161 180
161 67
161 260
161 190
161 264
161 171
161 36
161 73
161 48
161 62
161 5
161 275
162 214
162 8
162 219
162 158
162 287
162 87
162 89
162 7
162 197
162 290
162 259
162 104
162 76
162 18
162 193
162 129
162 138
162 292
162 112
162 20
162 308
162 223
162 60
162 202
162 70
162 109
162 256
162 72
163 197
163 186
163 184
163 9
163 68
163 86
163 246
163 153
163 178
163 53
163 262
163 18
163 201
164 48
164 46
164 108
164 282
164 212
164 0
164 76
164 290
164 129
164 7
164 120
164 259
164 141
164 245
164 73
164 221
164 16
165 57
165 123
165 181
165 213
165 55
165 29
165 265
165 233
165 185
165 223
165 271
165 97
165 113
165 290
165 117
165 89
165 307
165 183
165 72
165 272
165 230
165 35
165 284
166 133
166 260
166 297
166 7
166 286
166 218
166 221
166 65
166 182
166 121
166 44
166 29
166 271
166 219
166 117
166 61
166 98
166 240
166 27
166 265
166 138
166 194
166 215
166 137
166 205
166 149
166 89
166 308
166 175
166 272
166 266
166 135
166 80
166 129
166 116
166 216
166 72
167 117
167 279
167 125
167 158
167 122
167 285
167 100
167 239
167 206
167 284
167 179
167 29
167 33
167 262
167 7
168 153
168 143
168 254
168 18
168 55
168 100
168 117
168 279
168 181
168 149
168 72
168 249
168 32
168 241
168 176
168 53
168 183
168 102
168 129
168 107
168 113
168 195
168 46
168 233
168 301
168 282
168 62
168 141
168 114
168 139
168 255
168 89
168 56
168 215
168 180
168 123
168 97
168 281
168 290
168 192
168 8
168 43
168 305
168 299
168 223
168 63
168 82
168 34
168 221
168 148
168 209
168 250
168 219
168 231
168 158
168 7
168 283
168 287
168 85
168 25
168 217
168 189
168 164
168 29
169 82
169 126
169 299
169 258
169 122
169 295
169 79
169 243
169 200
169 245
169 86
169 96
169 134
169 212
169 138
169 271
169 198
169 205
169 308
169 291
169 290
169 241
169 253
169 225
169 116
169 26
170 185
170 301
170 204
170 115
170 208
170 44
170 281
170 241
170 73
170 180
170 136
170 25
170 254
170 221
170 54
170 89
170 131
170 290
170 189
170 17
170 3
170 94
170 58
170 162
170 219
171 62
171 266
171 26
171 83
171 84
171 261
171 235
171 307
171 132
171 270
171 72
171 53
171 199
171 225
171 70
171 95
171 156
171 219
171 191
171 224
171 301
171 129
171 275
171 277
171 155
171 50
171 205
171 94
171 17
171 283
171 290
171 234
171 25
171 217
171 121
171 198
171 77
171 209
171 34
171 124
171 122
171 22
171 223
171 104
171 252
171 161
171 281
171 173
171 180
171 90
171 86
171 37
171 56
171 74
171 7
171 75
171 8
171 40
172 55
172 281
172 241
172 272
172 131
172 136
172 61
172 207
172 175
172 51
172 5
172 0
172 215
172 284
172 160
172 205
172 9
172 45
172 44
172 33
172 245
172 15
172 204
172 240
172 69
172 185
172 56
172 139
172 290
172 77
172 252
172 213
172 49
172 58
172 180
172 187
173 212
173 229
173 194
173 38
173 184
173 58
173 274
173 202
173 280
173 17
173 47
173 117
173 122
173 238
173 128
173 61
173 137
173 89
173 5
173 71
173 20
173 161
173 27
173 305
173 115
173 171
173 135
173 196
173 127
173 219
173 248
173 204
173 178
173 277
173 129
173 29
173 44
173 189
173 3
173 96
173 77
173 269
173 180
173 143
173 103
173 297
173 260
173 114
173 262
173 88
173 215
173 13
173 55
173 23
173 105
173 11
173 271
173 7
173 2
173 264
173 160
173 174
173 247
173 36
173 218
173 53
173 74
173 94
173 101
173 302
173 68
173 148
173 232
173 9
173 211
173 49
173 91
173 290
173 95
173 40
173 188
173 99
173 240
173 81
173 166
173 138
173 284
173 6
173 177
173 0
173 261
173 72
173 106
173 170
173 24
173 80
173 64
173 182
173 285
173 306
173 176
173 183
173 169
173 67
173 15
173 97
173 31
173 244
173 45
173 21
173 237
173 37
173 153
173 259
173 93
173 141
173 281
173 282
173 84
173 225
173 253
173 70
173 52
173 273
173 140
173 279
173 198
173 19
173 132
173 251
173 157
173 241
174 280
174 7
174 33
174 184
174 63
174 244
174 221
174 290
174 140
174 270
174 70
174 24
174 241
174 62
174 89
174 47
174 173
174 50
175 221
175 129
175 308
175 152
175 216
175 91
175 183
175 37
175 133
175 166
175 7
175 255
175 90
175 208
175 172
175 31
175 98
175 33
175 211
175 219
175 295
175 286
175 279
175 132
175 144
175 307
175 117
175 205
175 5
175 299
176 25
176 254
176 265
176 158
176 241
176 305
176 298
176 219
176 139
176 3
176 148
176 96
176 149
176 111
176 154
176 223
176 299
176 258
176 209
176 290
176 243
176 97
176 221
176 72
176 183
176 19
176 195
176 288
176 233
176 28
176 35
176 153
176 56
176 87
176 123
176 201
176 210
176 145
176 114
176 31
176 279
176 83
176 131
176 73
176 89
176 127
177 240
177 85
178 257
178 1
178 69
178 262
178 68
178 191
178 274
178 52
178 207
178 23
178 247
178 149
178 48
178 84
178 134
178 89
178 202
178 126
178 109
178 55
178 307
178 93
178 232
178 290
178 189
178 25
178 235
178 265
178 197
178 3
178 180
178 7
178 28
178 103
178 187
178 163
178 123
178 101
179 271
179 185
179 188
179 7
179 252
179 301
179 3
179 33
179 262
179 223
179 154
179 282
179 217
179 256
179 125
179 53
179 160
179 31
179 205
179 277
179 129
179 100
179 117
179 167
179 266
179 284
180 175
180 149
180 249
180 279
180 253
180 309
180 183
180 221
180 132
180 65
180 241
180 284
180 152
180 170
180 179
180 138
180 68
180 306
180 252
180 86
180 220
180 290
180 8
180 242
180 96
180 230
180 3
180 117
180 7
180 94
180 1
180 111
180 165
180 189
180 44
180 29
180 215
180 158
180 13
180 169
180 109
180 247
180 160
180 264
180 286
180 204
180 155
180 277
180 129
180 195
180 224
180 105
180 301
180 271
180 74
180 234
180 162
180 275
180 209
180 187
180 298
180 146
180 217
180 25
180 254
180 243
180 212
180 173
180 219
180 137
180 54
180 89
180 308
180 71
180 26
180 31
180 135
180 139
180 171
180 53
180 72
180 295
180 281
180 16
180 216
180 91
180 236
180 274
180 43
180 258
180 168
180 227
180 133
180 9
180 211
180 176
180 225
180 70
180 134
180 63
180 52
180 122
180 172
180 21
180 299
180 37
180 192
180 107
180 141
180 303
180 282
180 199
180 93
181 287
181 185
181 107
181 271
181 95
181 7
181 78
181 58
181 111
181 239
181 121
181 4
181 9
181 293
181 168
181 129
181 73
181 139
181 183
181 51
181 55
181 61
181 45
181 249
181 230
181 117
181 33
181 283
181 131
181 135
181 165
181 208
181 127
182 80
182 35
182 81
182 282
182 240
182 166
182 210
182 34
182 20
182 122
182 58
182 184
182 38
182 64
182 281
182 21
182 98
182 25
182 138
182 288
182 9
182 40
182 23
182 235
182 4
182 73
182 79
182 83
182 27
182 117
182 61
182 309
182 265
182 194
183 31
183 92
183 230
183 37
183 40
183 131
183 72
183 148
183 272
183 165
183 176
183 168
183 277
183 129
183 226
183 36
183 219
183 57
183 7
183 225
183 204
183 297
183 29
183 25
183 205
183 137
183 236
183 156
183 55
183 181
183 271
183 5
183 290
183 221
183 175
183 223
183 265
183 49
183 63
183 97
183 133
183 121
183 217
183 33
183 213
184 124
184 104
184 114
184 9
184 158
184 116
184 264
184 134
184 283
184 53
184 135
184 21
184 224
184 258
184 308
184 290
184 257
184 268
184 18
184 291
184 163
184 89
184 293
184 153
184 7
184 86
184 192
184 127
185 137
185 73
185 165
185 245
185 158
185 115
185 292
185 207
185 55
185 51
185 179
185 181
185 277
185 205
185 129
185 260
185 195
185 293
185 117
185 170
185 89
185 271
185 3
185 162
185 77
185 97
185 290
185 221
185 227
185 7
185 223
185 136
185 96
185 172
185 146
185 217
185 25
185 5
185 72
185 230
185 12
185 156
185 31
185 121
186 220
186 242
186 127
186 96
186 92
186 254
186 130
186 223
186 283
186 89
186 210
186 163
186 297
186 282
186 262
186 69
186 226
186 16
186 149
186 290
186 197
187 20
187 101
187 76
187 221
187 91
187 237
187 172
187 257
187 55
187 307
187 188
187 89
187 0
187 14
187 262
187 2
187 30
187 17
187 157
187 247
187 178
187 80
187 52
187 207
187 270
187 122
187 309
187 94
187 16
187 98
187 189
187 44
187 9
187 13
187 284
187 254
188 157
188 179
188 223
188 309
188 20
188 275
188 101
188 44
188 254
188 305
188 262
188 128
188 282
189 254
189 158
189 219
189 145
189 178
189 207
189 266
189 83
189 89
189 284
189 41
189 18
189 132
189 112
189 127
189 85
189 71
189 77
189 308
189 73
189 107
189 241
189 135
189 201
189 129
189 223
189 113
189 142
189 109
189 282
189 103
189 222
189 259
189 86
189 242
189 221
189 68
190 91
190 221
190 286
190 87
190 159
190 281
190 37
190 97
190 242
190 290
190 305
190 263
190 161
190 16
190 211
190 229
190 189
190 96
190 108
190 223
190 209
190 7
190 124
190 184
190 111
190 38
190 49
190 291
190 8
190 129
190 72
190 53
190 219
190 135
190 241
190 149
190 31
190 144
190 307
190 89
190 155
190 279
190 201
190 171
190 52
190 143
190 75
190 59
190 138
190 254
190 95
190 107
190 282
190 177
190 195
190 113
190 119
191 135
191 235
191 247
191 125
191 3
191 48
191 214
191 96
191 171
191 153
191 253
191 293
191 219
191 103
191 225
191 233
191 282
191 306
191 107
191 93
191 195
191 164
191 226
191 16
191 270
191 299
191 184
191 72
191 279
191 149
191 308
191 158
191 41
191 55
191 32
191 132
191 110
191 89
191 208
191 109
191 7
191 56
191 86
191 290
191 242
191 221
191 30
191 222
191 127
192 21
192 135
192 124
192 85
192 104
192 9
192 116
192 235
192 83
192 16
192 29
192 299
192 209
192 180
192 191
192 301
192 240
192 168
192 89
192 32
192 53
192 184
192 202
192 134
192 52
192 142
192 138
192 226
193 256
193 302
193 217
193 8
193 234
193 264
193 25
193 116
193 276
193 138
193 102
193 260
193 11
193 219
193 29
193 153
193 274
193 298
193 287
193 223
193 209
193 112
193 144
193 307
193 6
193 75
193 269
193 295
193 120
193 272
193 82
193 159
193 87
193 290
193 244
193 162
193 289
194 273
194 208
194 241
194 266
194 117
194 272
194 89
194 35
194 102
194 115
194 98
194 176
194 80
194 31
194 206
194 243
194 217
194 231
194 110
194 33
194 235
194 204
194 61
194 55
194 138
194 288
194 78
194 182
194 240
194 260
194 166
194 57
194 153
194 37
194 10
194 271
194 91
194 258
194 223
194 265
194 154
194 7
194 277
194 72
194 155
194 77
194 290
195 18
195 223
195 290
195 124
195 107
195 72
195 302
195 7
196 135
196 40
196 4
196 253
196 152
196 12
196 248
196 249
196 5
196 300
196 19
196 283
196 148
196 79
196 8
196 87
196 67
196 103
196 271
196 287
196 64
196 50
196 129
196 113
197 232
197 16
197 184
197 162
197 221
197 129
197 163
197 7
197 178
197 3
197 290
197 25
197 238
197 265
197 23
197 18
197 127
197 5
197 271
197 68
197 72
197 308
197 205
197 55
197 70
198 202
198 232
198 11
198 229
198 215
198 74
198 169
198 8
198 211
198 143
198 173
198 6
198 306
198 93
198 95
198 205
198 41
198 171
198 225
198 50
198 247
199 156
199 171
199 234
199 106
199 180
199 231
199 34
199 26
199 155
199 266
199 94
199 275
199 281
199 122
199 215
199 277
200 253
200 79
200 266
200 225
200 235
200 144
200 109
200 291
200 129
200 308
200 103
200 59
200 305
200 258
200 299
200 154
200 209
200 169
200 86
200 240
201 190
201 129
201 155
201 176
201 53
201 73
201 223
201 301
201 241
201 195
201 264
201 309
201 295
201 292
201 124
201 9
201 279
201 25
201 219
201 189
201 298
201 108
201 302
201 41
201 154
201 62
201 135
201 291
201 86
201 56
201 210
201 83
201 7
201 153
201 28
201 95
201 107
201 111
201 262
201 15
201 87
201 290
201 97
201 261
201 116
201 35
201 287
201 308
201 299
201 221
201 252
201 8
201 163
202 74
202 210
202 7
202 254
202 9
202 93
202 147
202 262
202 97
202 282
202 222
202 214
202 258
202 162
202 68
202 195
202 290
202 168
202 192
202 211
202 306
202 160
202 158
202 247
202 232
202 96
202 215
202 198
202 235
202 173
202 149
202 135
202 207
202 291
202 16
202 89
202 307
202 55
202 18
202 292
202 109
202 178
203 309
203 109
203 229
203 156
203 20
203 115
203 158
203 71
203 75
203 143
204 19
204 128
204 43
204 223
204 131
204 166
204 72
204 55
204 205
204 45
204 244
204 308
204 284
204 305
204 83
204 172
204 218
204 103
204 7
204 251
204 91
204 271
204 152
204 183
204 217
204 155
204 209
204 154
204 24
204 49
204 21
204 214
204 194
205 75
205 175
205 95
205 166
205 267
205 198
205 171
205 305
205 172
205 119
205 287
205 236
205 50
205 45
205 197
205 62
205 126
205 90
205 135
205 299
205 162
205 223
205 94
205 230
205 284
205 308
205 179
205 152
205 5
205 282
205 183
205 241
205 131
205 14
205 31
205 294
205 7
205 277
205 301
205 271
205 143
205 204
205 224
205 160
205 117
205 55
205 12
205 77
205 221
205 242
205 8
205 272
205 129
205 195
205 207
205 185
205 136
205 169
205 281
205 218
205 222
205 16
205 104
205 25
205 298
205 254
205 219
205 61
205 41
205 89
205 33
205 79
206 89
206 258
206 290
206 209
206 115
206 194
206 231
206 72
207 23
207 282
207 205
207 5
207 83
207 230
207 31
207 178
207 131
207 247
207 309
207 297
207 22
207 103
207 58
207 77
207 16
207 108
207 104
207 172
207 33
207 231
207 185
207 145
207 187
208 158
208 221
208 191
208 240
208 96
208 219
208 25
208 295
208 12
208 4
208 290
208 194
208 126
208 247
208 129
208 307
208 106
208 58
208 149
208 181
208 175
208 72
208 144
208 279
208 170
208 176
208 89
209 200
209 302
209 206
209 94
209 223
209 192
209 37
209 153
209 33
209 75
209 177
209 193
209 251
209 256
209 63
209 227
209 112
209 107
209 72
209 8
209 95
209 123
209 215
209 56
209 140
209 86
209 307
209 220
209 176
209 106
209 234
209 283
209 124
209 49
209 290
209 91
209 221
209 190
209 35
209 265
209 154
209 213
209 16
209 70
209 66
209 253
209 241
209 131
209 62
209 83
209 149
209 87
209 7
209 266
209 23
209 204
209 129
209 195
209 224
209 280
209 184
209 59
209 281
209 142
209 43
209 258
209 146
209 254
209 219
209 144
209 54
209 89
209 31
209 139
209 25
209 102
209 50
209 287
209 246
209 168
209 250
209 305
209 97
209 171
210 70
210 216
210 25
210 23
210 24
210 34
210 35
211 7
212 299
212 7
212 214
212 86
212 290
212 258
212 243
212 144
212 225
212 253
212 266
212 83
212 308
212 169
212 288
213 224
213 209
213 65
213 94
213 154
213 113
213 223
213 97
213 126
213 172
213 148
213 233
213 43
213 55
213 49
213 129
213 75
213 183
213 140
213 33
213 100
213 25
213 231
213 61
213 54
213 121
213 62
213 31
213 294
213 131
213 165
213 245
213 89
214 256
214 53
214 109
214 48
214 259
214 72
214 292
214 149
214 64
214 60
214 191
214 138
214 125
214 290
214 128
214 99
214 229
214 219
214 305
214 162
214 30
214 202
214 158
215 106
215 65
215 199
215 202
215 247
215 270
215 62
215 211
215 272
215 121
215 234
215 198
215 63
215 231
215 238
215 232
215 306
215 166
215 93
215 280
215 173
215 89
215 0
215 117
215 252
215 209
215 244
215 281
215 15
215 168
215 172
215 180
215 74
215 290
216 34
216 35
216 7
216 210
216 42
216 260
216 166
216 25
217 155
217 133
217 122
217 154
217 229
217 49
217 223
217 244
217 171
217 233
217 225
217 137
217 249
217 120
217 100
217 6
217 5
217 61
217 230
217 92
217 136
217 245
217 35
217 183
217 65
217 117
217 193
217 285
217 96
217 77
217 204
217 168
217 7
217 269
217 75
217 152
217 271
217 36
217 301
217 218
217 236
217 23
217 185
217 179
217 226
217 121
217 194
217 234
217 40
217 238
217 243
217 129
217 21
217 116
217 128
217 240
218 61
218 277
218 129
218 43
218 224
218 131
218 81
218 19
218 166
218 103
218 286
218 236
218 205
218 266
218 301
218 289
218 204
218 251
218 290
218 244
218 223
218 154
218 111
218 58
218 40
218 121
218 161
218 173
218 117
218 219
218 55
218 298
218 252
218 217
219 112
219 307
219 295
219 54
219 117
219 89
219 75
219 74
219 216
219 259
219 11
219 86
219 176
219 87
219 56
219 175
219 149
219 126
219 263
219 127
219 45
219 308
219 241
219 205
219 42
219 139
219 171
219 291
219 92
219 131
219 264
219 68
219 7
219 97
219 168
219 268
219 280
219 123
219 121
219 96
219 77
219 209
219 148
219 193
219 122
219 265
219 162
219 305
219 214
219 91
219 221
219 64
219 234
219 229
219 33
219 231
219 282
219 224
219 36
219 138
219 290
219 40
219 8
219 218
219 183
219 277
219 134
219 50
219 256
219 288
219 142
220 107
220 142
220 73
220 227
220 275
220 223
220 180
220 209
220 177
220 195
220 36
220 106
220 186
221 158
221 13
221 197
221 281
221 19
221 308
221 307
221 18
221 32
221 120
221 100
221 89
221 132
221 243
221 302
221 25
221 219
221 96
221 148
221 124
221 49
221 290
221 242
221 76
221 164
221 299
221 223
221 15
221 149
221 85
221 72
221 222
221 87
221 7
221 73
221 30
221 59
221 95
221 254
221 107
221 141
221 282
221 153
221 68
221 191
221 46
221 224
221 256
221 157
221 201
221 234
221 92
221 245
221 279
221 48
221 136
221 241
221 266
221 200
221 135
221 138
221 183
221 176
221 292
222 53
222 135
222 279
222 266
222 59
222 114
222 19
222 291
222 66
222 289
222 145
222 202
222 249
222 129
222 240
222 153
222 149
222 85
222 302
222 189
222 113
222 77
222 96
222 221
222 290
222 305
222 123
222 210
222 180
222 223
223 190
223 35
223 241
223 131
223 245
223 138
223 176
223 134
223 256
223 282
223 179
223 183
223 46
223 264
223 68
223 275
223 287
223 289
223 165
223 141
223 204
223 201
223 129
223 113
223 195
223 224
223 271
223 233
223 153
223 295
223 162
223 185
223 83
223 279
223 62
223 19
223 127
223 149
223 45
223 135
223 139
223 171
223 53
223 102
223 50
223 36
223 226
223 230
223 240
223 107
223 291
223 72
223 261
223 112
223 85
223 302
223 94
223 111
223 21
223 7
223 307
223 82
223 298
223 43
223 305
223 97
223 168
223 210
223 180
223 188
223 75
223 56
223 220
223 194
223 258
223 217
223 254
223 243
223 137
223 54
223 89
223 308
223 5
223 272
223 76
223 8
223 290
223 100
223 25
223 124
223 59
223 148
223 87
223 123
223 266
223 193
223 262
223 205
223 234
223 44
223 189
223 98
223 96
223 77
223 49
223 114
223 221
223 213
223 211
223 95
223 63
223 209
223 154
223 152
223 117
223 18
223 292
223 265
223 29
223 222
224 97
224 89
224 18
224 7
224 56
224 86
224 87
224 123
224 281
224 195
224 25
224 83
224 290
224 72
224 129
224 153
224 103
224 149
224 291
224 254
224 96
224 107
224 308
224 282
224 189
224 209
224 279
224 139
224 148
224 154
224 134
224 221
224 8
224 218
224 171
224 234
224 287
224 219
224 213
224 223
225 86
225 169
225 200
225 297
225 11
225 191
225 183
225 5
225 171
225 26
225 308
225 43
225 198
225 197
225 253
225 258
225 154
225 299
225 286
225 144
225 173
225 212
225 229
225 217
225 121
225 6
225 232
225 108
225 16
225 133
225 39
225 79
226 217
226 254
226 127
226 89
226 132
226 243
226 235
226 16
226 142
226 121
226 112
226 133
226 290
226 223
226 138
226 242
226 240
226 143
226 86
226 183
226 109
226 214
226 299
226 126
227 264
227 25
227 64
227 72
227 134
227 7
227 149
227 185
227 89
227 256
227 214
228 142
228 290
228 284
228 195
228 124
228 223
228 158
229 89
229 149
229 6
229 19
229 291
229 47
229 31
229 42
229 159
229 134
229 203
229 75
229 11
229 141
229 259
229 224
229 190
229 288
229 52
229 306
229 117
229 245
229 112
229 148
229 200
229 290
229 268
229 20
229 65
229 16
229 38
229 108
229 164
229 96
229 214
229 25
229 286
229 225
229 217
229 232
229 219
229 7
229 40
229 198
229 234
229 238
230 158
230 9
230 29
230 283
230 217
230 233
230 184
230 223
230 123
230 7
230 185
230 119
230 265
230 148
230 78
230 219
230 218
230 145
230 55
230 57
230 271
230 183
230 53
230 35
230 135
230 31
230 131
230 284
230 165
230 272
230 256
230 149
230 181
230 205
230 307
230 207
230 127
230 142
231 282
231 271
231 280
231 145
231 89
231 56
231 308
231 117
231 251
231 7
231 105
231 131
231 199
231 179
231 113
231 129
231 102
231 219
231 65
231 207
231 106
231 55
231 233
231 32
231 245
231 134
231 135
231 272
231 62
231 18
231 253
231 115
231 169
231 168
231 97
231 281
231 290
231 23
231 77
231 206
231 121
231 194
231 25
231 234
231 215
231 72
231 238
231 277
231 213
232 219
232 123
232 15
232 290
232 189
232 215
232 6
232 198
232 173
232 229
232 85
232 197
232 202
232 7
232 74
232 306
232 72
232 308
232 178
232 149
232 225
232 68
232 93
232 254
232 247
233 72
233 55
233 191
233 89
233 284
233 83
233 113
233 230
233 165
233 139
233 176
233 241
233 294
233 131
233 125
233 195
233 231
233 96
233 213
233 221
233 97
233 252
233 168
233 49
233 223
233 217
233 234
233 29
233 243
233 95
233 156
233 40
234 238
234 68
234 199
234 148
234 96
234 121
234 302
234 224
234 108
234 291
234 171
234 215
234 92
234 62
234 106
234 139
234 217
234 134
234 129
234 288
234 149
234 272
234 40
234 85
234 231
234 209
234 280
234 221
234 229
234 21
234 223
234 290
234 269
234 86
234 75
234 259
234 56
234 65
234 219
234 100
234 95
234 307
234 112
234 117
234 89
234 193
234 87
234 77
235 80
235 202
235 171
235 144
235 299
235 134
235 81
235 194
235 138
235 182
235 240
235 275
235 101
236 290
236 76
236 89
236 249
236 49
236 201
236 128
236 294
236 245
236 241
236 55
236 137
236 117
236 264
236 183
236 281
236 279
236 126
236 22
236 254
236 66
236 129
236 240
236 7
236 133
236 121
236 217
236 298
236 85
236 25
236 238
236 205
236 5
236 218
236 267
236 33
237 306
237 109
237 42
237 55
237 280
237 142
237 13
237 44
237 0
237 54
237 64
237 16
237 187
237 254
238 209
238 121
238 217
238 234
238 3
238 242
238 117
238 5
238 16
238 231
238 65
238 229
238 219
238 37
238 297
238 199
238 215
238 124
238 236
238 195
238 127
238 106
238 210
239 58
239 181
239 116
239 126
239 3
240 137
240 34
240 184
240 258
240 97
240 214
240 305
240 112
240 177
240 154
240 200
240 222
240 24
240 72
240 250
240 40
240 243
240 217
240 244
240 254
240 85
240 288
240 135
240 208
240 236
240 272
240 89
240 287
240 226
240 53
240 171
240 84
240 172
240 194
240 61
240 173
240 212
240 25
240 223
240 45
240 192
240 266
240 27
240 55
240 182
240 265
240 292
240 29
240 290
240 125
240 166
240 98
240 86
240 59
240 299
240 242
240 252
240 124
240 129
240 1
240 8
240 7
240 301
240 90
240 138
240 93
240 282
240 251
240 134
240 70
240 153
240 241
240 83
240 19
240 235
240 80
240 81
240 253
240 158
241 154
241 63
241 223
241 162
241 21
241 299
241 221
241 244
241 305
241 113
241 290
241 49
241 281
241 258
241 15
241 295
241 256
241 32
241 292
241 18
241 83
241 137
241 120
241 89
241 205
241 308
241 149
241 72
241 100
241 97
241 289
241 172
241 7
241 87
241 124
241 127
241 279
241 273
241 148
241 53
241 253
241 219
241 201
241 189
241 298
241 194
241 85
241 176
241 25
241 19
241 169
241 82
241 153
241 95
241 96
241 69
241 107
241 254
241 240
241 282
241 157
241 138
241 62
241 141
242 271
242 19
242 18
242 221
242 254
242 96
242 308
242 7
242 152
242 103
242 16
242 149
242 226
242 186
243 59
243 240
243 81
243 138
243 233
243 216
243 288
243 113
243 277
243 86
243 158
243 130
243 241
243 169
243 132
243 18
243 55
243 89
243 84
243 124
243 153
243 226
243 143
243 176
243 111
243 308
243 279
243 31
243 289
243 127
243 299
243 290
243 96
243 3
243 302
243 194
243 16
243 197
243 217
243 235
243 192
243 221
243 83
243 72
243 258
243 219
243 212
243 223
244 154
244 259
244 63
244 184
244 193
244 7
244 185
244 250
244 148
244 289
244 292
244 114
244 19
244 66
244 89
244 18
244 132
244 174
244 295
244 215
244 47
244 264
244 21
244 74
244 161
244 227
244 280
244 260
244 107
244 240
244 251
244 102
244 276
244 226
244 70
244 145
244 160
244 53
244 218
244 95
244 103
244 97
244 204
244 270
244 48
244 241
244 62
245 231
245 113
245 195
245 236
245 36
245 282
245 141
245 155
245 20
245 37
245 223
245 221
245 76
245 213
245 172
245 169
245 185
245 281
245 140
245 259
245 94
245 115
245 23
245 13
245 33
245 295
245 156
245 106
245 31
245 6
245 120
245 55
245 229
245 217
245 127
245 19
245 164
245 71
245 154
245 109
245 309
245 17
246 245
246 308
246 117
246 72
246 99
246 65
246 89
246 154
246 290
246 103
246 163
246 179
246 94
246 16
246 9
246 207
246 289
246 209
246 81
246 25
246 85
246 262
246 36
246 250
246 114
246 134
246 273
246 130
246 285
246 216
247 84
247 15
247 20
247 16
247 270
247 232
247 25
247 74
247 221
247 178
247 200
247 72
247 93
247 69
247 68
247 211
247 173
247 198
247 274
247 149
247 306
247 1
247 215
248 306
249 113
249 133
249 204
249 55
249 49
249 137
249 183
249 36
249 117
249 236
249 168
249 217
249 181
249 287
249 196
250 7
250 25
250 85
250 223
250 71
250 83
250 32
250 89
250 77
250 72
250 149
250 97
250 168
250 240
250 244
250 291
250 43
250 129
251 7
251 81
251 246
251 218
251 43
251 29
251 77
251 65
251 231
251 173
251 103
251 271
251 90
251 224
251 244
251 179
251 102
251 204
251 285
251 289
251 19
251 219
251 154
251 116
252 227
252 117
252 100
252 89
252 291
252 0
252 72
252 19
252 224
252 149
252 233
252 81
252 281
252 218
252 172
252 301
252 262
252 107
252 221
252 145
252 180
252 86
252 284
252 18
252 249
252 290
252 289
252 184
252 108
252 96
252 189
252 254
252 65
252 215
252 240
252 299
252 179
252 134
252 83
252 201
252 92
252 73
252 241
252 135
252 139
252 226
252 264
252 285
252 53
252 176
252 171
253 16
253 184
253 154
253 20
253 222
253 161
253 123
253 15
253 87
253 82
253 38
253 280
253 254
253 128
253 7
253 142
253 11
253 250
253 209
253 248
253 266
253 109
253 247
253 203
253 23
253 129
253 113
253 195
253 243
253 271
253 25
253 277
253 212
253 297
253 100
253 144
253 137
253 62
253 89
253 71
253 31
253 32
253 117
253 174
253 18
253 308
253 235
253 189
253 3
253 9
253 149
253 219
253 47
253 132
253 74
253 276
253 262
253 287
253 274
253 173
253 216
253 226
253 298
253 196
253 127
253 158
253 292
253 102
253 135
253 234
253 279
253 240
253 81
253 37
253 159
253 200
253 214
253 275
253 70
253 225
253 19
253 227
253 99
253 258
253 43
253 148
253 305
253 97
253 169
253 282
253 93
253 259
253 30
253 107
253 306
253 153
253 134
253 245
253 183
253 176
253 103
253 168
253 52
253 152
253 124
253 86
253 111
253 164
253 40
253 231
253 112
253 300
253 223
253 72
253 106
253 59
253 190
253 179
253 64
253 241
253 291
253 162
253 130
253 299
253 21
253 197
253 68
253 242
253 76
253 221
253 49
253 290
253 96
253 232
253 8
253 138
253 233
253 191
253 65
254 72
254 94
254 44
254 189
254 112
254 18
254 89
254 149
254 170
254 223
254 301
254 282
254 180
254 290
254 221
254 96
254 3
254 279
254 241
255 97
255 135
255 12
255 110
255 301
255 29
255 175
255 121
255 98
255 168
255 139
255 85
257 103
257 178
257 268
257 281
257 16
257 270
258 144
258 184
258 89
258 102
258 72
258 291
258 33
258 308
258 124
258 25
258 206
258 79
258 189
258 265
258 212
258 83
258 307
258 194
258 209
258 31
258 131
258 241
258 138
258 299
258 214
258 161
258 290
258 10
258 86
258 82
258 169
258 90
258 271
258 200
258 225
258 223
258 176
258 70
258 115
258 35
258 7
259 96
259 189
259 220
259 173
259 264
259 73
259 266
259 48
259 164
259 109
259 276
259 148
259 70
259 302
259 79
259 159
259 299
259 162
259 197
259 290
259 161
259 214
259 234
259 158
259 58
259 40
259 262
259 253
259 245
259 89
259 103
259 149
259 6
259 219
259 292
259 132
259 112
259 72
259 291
259 83
259 54
259 269
259 60
259 134
259 129
259 274
259 52
259 107
259 11
259 260
259 67
259 308
260 259
260 79
260 189
260 194
260 302
260 254
260 161
260 265
260 223
260 244
260 290
260 197
260 173
260 193
260 25
260 185
260 216
260 166
260 89
260 295
260 149
260 132
260 264
260 80
260 61
260 138
260 48
260 36
260 81
260 276
260 279
260 129
261 56
261 122
261 223
261 111
261 202
261 305
261 210
261 188
261 301
261 153
261 28
261 69
261 271
261 287
261 43
261 222
261 3
261 200
261 254
261 161
261 201
261 155
261 275
261 171
261 35
261 114
261 26
261 291
261 277
261 73
261 102
261 23
261 149
261 137
261 112
261 84
261 46
261 281
261 176
262 284
262 276
262 30
262 144
262 117
262 100
262 6
262 186
262 92
262 80
262 128
262 97
262 163
262 101
262 309
262 200
262 247
262 201
262 308
262 11
262 179
262 9
262 7
262 252
262 125
262 173
262 141
262 157
262 68
262 274
262 70
262 271
262 20
262 16
262 187
262 96
262 44
262 25
262 64
262 33
262 223
263 190
263 129
263 42
263 73
263 164
263 31
263 144
263 89
263 120
263 41
263 149
263 224
263 96
263 216
263 219
263 141
263 36
263 290
263 76
263 221
263 127
263 136
263 38
263 101
263 159
263 87
263 56
263 30
263 143
263 108
264 111
264 219
264 193
264 132
264 223
264 227
264 7
264 161
264 149
264 195
264 210
264 123
264 142
264 97
264 15
264 290
265 149
265 307
265 18
265 113
265 50
265 45
265 7
265 53
265 266
265 165
265 178
265 230
265 136
265 70
265 176
265 183
265 80
265 23
265 256
265 62
265 138
265 3
265 235
265 219
265 180
265 283
265 68
265 182
265 166
265 75
265 159
265 197
265 240
265 258
265 305
265 194
265 79
265 98
265 25
265 94
265 223
265 209
266 124
266 210
266 97
266 305
266 297
266 227
266 169
266 99
266 235
266 53
266 243
266 135
266 127
266 5
266 89
266 61
266 219
266 156
266 171
266 307
266 212
266 132
266 209
266 34
266 16
266 122
266 222
266 218
266 281
266 67
266 254
266 7
266 301
266 142
266 224
266 195
266 129
266 201
266 247
266 114
266 25
266 27
266 92
266 55
266 189
266 283
266 158
266 265
266 221
266 242
266 290
266 96
266 223
266 240
266 80
266 291
266 72
266 295
266 94
266 111
266 81
266 194
266 179
266 166
266 299
266 186
266 70
266 153
266 259
266 282
266 199
266 256
266 134
266 275
266 176
266 253
266 90
266 279
266 62
266 18
266 83
266 19
266 149
266 118
266 200
267 205
267 236
267 207
267 238
267 305
268 219
268 282
268 74
268 257
268 75
269 96
269 124
269 295
269 259
269 144
269 276
269 89
269 7
269 193
269 6
269 274
269 217
269 15
269 234
269 93
269 11
270 248
270 73
270 48
270 31
270 62
270 247
270 83
270 84
270 178
270 257
270 61
270 307
270 174
270 55
270 132
270 215
270 187
270 66
270 118
270 275
270 109
270 171
270 24
270 277
270 191
270 280
270 30
270 7
270 180
270 93
270 244
270 214
270 20
270 9
270 63
270 94
270 16
270 123
271 61
271 262
271 148
271 77
271 217
271 194
271 25
271 231
271 133
271 121
271 223
271 197
271 258
271 166
271 299
271 57
271 7
271 185
271 87
271 97
271 242
271 169
271 38
271 152
271 282
271 287
271 29
271 50
271 113
271 179
271 183
271 253
271 165
271 136
271 131
271 196
271 230
271 204
271 33
271 55
271 5
271 19
271 72
271 272
271 300
271 45
271 181
271 205
271 284
272 160
272 289
272 223
272 230
272 136
272 165
272 131
272 271
272 166
272 153
272 57
272 274
272 284
272 183
272 89
272 138
272 6
272 193
272 231
272 215
272 29
272 194
272 302
272 234
272 133
272 117
272 7
272 240
272 61
272 205
272 98
273 130
273 126
273 194
273 64
273 7
273 246
273 45
273 99
273 227
273 241
273 72
273 214
273 22
274 109
274 247
274 285
274 253
274 176
274 48
274 102
274 70
274 269
274 28
274 11
274 276
274 89
274 69
274 141
274 262
274 282
274 195
274 125
274 178
274 93
274 180
274 13
274 272
274 122
274 20
274 144
274 242
274 61
274 49
274 193
274 289
274 25
274 254
274 219
274 290
274 189
274 82
274 16
274 30
274 6
274 84
274 72
274 9
275 171
275 161
275 223
275 89
275 2
275 135
275 188
275 235
275 149
275 52
275 19
275 3
275 85
275 305
275 40
275 16
276 75
276 244
276 154
276 112
276 302
276 295
276 11
276 193
276 260
276 292
276 81
276 256
276 102
276 70
276 73
276 291
276 6
276 274
276 262
277 170
277 270
277 31
277 62
277 149
277 84
277 298
277 131
277 135
277 26
277 299
277 219
277 33
277 34
277 94
277 231
277 243
277 25
277 40
277 194
277 44
277 79
277 45
277 122
277 308
277 241
277 89
277 271
277 153
277 199
277 205
277 52
277 129
277 155
277 183
277 185
277 171
277 169
277 179
277 37
277 86
277 117
277 118
277 284
277 245
277 55
277 258
277 281
277 218
277 290
277 7
278 99
278 65
278 168
278 56
278 75
278 297
278 233
278 70
278 224
278 190
278 102
278 225
278 196
278 60
278 258
278 199
278 62
278 305
278 84
278 176
278 89
278 34
278 209
278 261
278 25
278 76
278 79
278 281
278 72
278 268
278 43
278 161
278 212
278 158
279 298
279 96
279 254
279 223
279 222
279 221
279 97
279 290
279 7
279 30
279 8
279 95
279 124
279 224
279 129
279 282
279 89
279 103
279 25
279 149
279 308
279 72
279 18
279 241
279 176
279 201
279 113
279 46
279 127
280 149
280 114
280 0
280 59
280 270
280 24
280 279
280 62
280 89
280 290
280 174
280 63
280 244
280 43
280 117
280 237
280 65
280 189
280 234
280 215
280 47
280 219
280 18
281 156
281 94
281 15
281 72
281 35
281 205
281 149
281 215
281 305
281 25
281 122
281 209
281 65
281 124
281 184
281 49
281 252
281 221
281 290
281 171
281 84
281 34
281 291
281 113
281 266
281 114
281 277
281 102
281 190
281 293
281 236
281 157
281 153
281 40
281 168
281 199
281 155
281 53
281 89
281 257
281 97
281 245
281 241
281 170
281 106
281 123
281 62
282 219
282 231
282 158
282 189
282 96
282 124
282 77
282 148
282 223
282 301
282 108
282 290
282 97
282 87
282 56
282 81
282 182
282 7
282 240
282 197
282 271
282 107
282 254
282 153
282 222
282 90
282 95
282 141
282 8
282 221
282 274
282 116
282 179
282 129
282 134
282 277
282 245
282 241
282 131
282 279
282 46
282 50
282 266
282 207
282 127
282 18
282 55
282 307
282 32
282 36
282 205
282 308
282 149
282 6
282 83
282 89
283 274
283 50
283 202
283 226
283 280
283 145
283 7
283 74
283 87
283 250
283 16
283 209
283 32
283 89
283 127
283 155
283 135
283 114
283 184
283 308
283 103
283 9
283 129
283 73
283 78
283 244
283 293
283 287
283 297
283 171
283 207
283 186
283 168
283 97
283 258
283 181
283 124
283 148
283 121
283 79
283 210
283 53
283 266
283 110
283 265
283 13
283 108
283 65
283 22
283 221
283 252
283 242
283 230
283 8
283 86
283 75
283 95
283 68
283 64
283 130
283 196
283 27
283 290
283 292
283 96
283 40
283 18
283 51
283 94
283 111
283 21
283 6
283 268
283 126
283 37
283 200
283 299
283 69
283 282
283 70
283 183
283 142
283 92
283 83
283 259
283 149
284 204
284 179
284 271
284 158
284 29
284 12
284 165
284 131
284 172
284 230
284 262
284 45
284 205
284 100
284 117
284 132
284 55
284 292
284 239
284 88
284 272
285 252
285 262
285 38
285 251
285 167
285 122
285 6
285 217
285 274
286 282
286 58
286 154
286 166
286 159
286 75
286 218
286 301
286 11
286 52
286 225
286 294
286 31
286 6
286 158
286 229
286 148
286 190
287 83
287 248
287 189
287 249
287 275
287 279
287 201
287 223
287 253
287 127
287 94
287 193
287 209
287 196
287 18
287 307
287 117
287 89
287 181
287 205
287 72
287 55
287 19
287 38
287 35
287 130
287 164
287 148
287 97
287 168
287 87
287 82
287 188
287 7
287 271
287 107
287 240
287 138
287 64
287 290
287 224
287 46
287 302
287 254
287 40
287 139
287 305
287 135
287 8
287 95
287 129
287 221
288 194
288 176
288 83
288 243
288 229
288 219
288 235
288 212
288 234
288 25
288 104
288 182
288 154
288 85
288 74
288 153
288 86
288 180
288 80
288 240
288 223
288 65
288 224
289 223
289 305
289 159
289 154
289 86
289 180
289 246
289 218
289 43
289 222
289 241
289 251
289 302
289 102
289 243
289 6
289 272
289 83
289 11
289 274
289 85
289 193
290 256
290 195
290 129
290 226
290 223
290 183
290 136
290 73
290 241
290 62
290 48
290 279
290 114
290 135
290 214
290 243
290 49
290 219
290 158
290 234
290 189
290 96
290 258
290 108
290 209
290 193
290 124
290 227
290 164
290 68
290 144
290 83
290 95
290 19
290 254
290 87
290 56
290 7
290 30
290 197
290 291
290 218
290 123
290 15
290 97
290 141
290 76
290 252
290 221
290 263
290 299
290 222
290 72
290 308
290 149
290 100
290 120
290 89
290 112
290 18
290 46
290 176
290 282
290 54
290 117
291 97
291 224
291 82
291 7
291 200
291 153
291 19
291 195
291 242
291 53
291 264
291 73
291 68
291 102
291 252
291 281
291 112
291 266
291 254
291 308
291 290
291 89
291 158
291 234
291 25
291 79
291 184
291 65
291 219
291 279
291 223
291 258
291 214
291 222
291 18
291 250
291 149
292 30
292 74
292 82
292 290
292 244
292 3
292 162
292 39
292 254
292 158
292 223
292 214
292 95
292 221
292 240
292 259
292 276
292 60
292 83
292 170
292 241
292 32
292 309
292 264
292 201
292 256
292 202
292 109
293 78
293 51
293 185
293 153
293 281
293 126
293 191
293 11
293 204
293 37
293 76
293 45
293 5
293 31
293 257
293 283
293 110
293 9
293 290
293 205
293 181
293 149
293 184
294 58
294 233
294 65
294 75
294 7
294 286
294 126
294 213
294 205
294 119
294 131
294 155
294 129
294 52
294 113
294 236
294 307
294 55
294 148
295 245
295 308
295 193
295 302
295 83
295 219
295 129
295 169
295 89
295 6
295 132
295 276
295 241
295 260
295 297
297 266
297 225
297 238
297 212
297 295
297 283
297 302
297 77
297 16
297 135
297 186
297 201
297 183
297 70
297 253
297 207
297 5
297 89
297 210
298 193
298 65
298 223
298 299
298 221
298 69
298 97
298 15
298 236
298 301
298 70
298 218
298 35
298 139
298 201
298 277
298 33
298 23
298 241
298 279
298 116
298 248
298 89
298 205
298 176
298 155
298 62
299 97
299 256
299 277
299 225
299 201
299 176
299 135
299 240
299 290
299 221
299 96
299 25
299 124
299 108
299 212
299 298
299 79
299 243
299 192
299 271
299 252
299 226
299 258
299 200
299 31
299 241
299 18
299 144
299 55
299 137
299 100
299 205
299 279
299 308
299 153
299 84
299 83
299 41
299 175
299 253
299 235
299 123
299 40
299 86
299 169
299 149
300 253
300 148
300 152
300 38
300 7
301 126
301 112
301 85
301 94
301 111
301 299
301 90
301 14
301 282
301 251
301 52
301 176
301 23
301 201
301 51
301 200
301 261
301 46
301 170
301 252
301 35
301 179
301 255
301 240
301 95
301 197
301 3
301 155
301 44
301 158
301 116
301 307
301 110
301 266
301 72
301 308
301 267
301 26
301 218
301 281
301 286
301 67
301 74
301 7
301 28
301 145
301 129
301 73
301 205
301 120
301 17
301 175
301 5
301 154
301 250
301 83
301 180
301 139
301 171
301 135
301 277
301 172
301 163
301 305
301 168
301 227
301 61
301 212
301 156
301 254
301 217
301 43
301 298
302 290
302 87
302 97
302 305
302 287
302 221
302 161
302 222
302 299
302 180
302 264
302 8
302 7
302 138
302 259
302 153
302 297
302 155
302 201
302 145
302 195
302 113
302 107
302 260
302 93
302 276
302 72
302 48
302 289
302 124
302 173
302 244
302 223
302 149
302 272
302 6
302 308
302 89
302 83
302 137
302 307
302 41
302 18
302 132
302 295
302 227
302 112
302 9
302 243
302 254
302 234
302 156
302 148
302 209
302 34
302 193
302 122
302 79
303 281
303 205
304 89
304 149
304 307
304 221
304 223
304 244
304 290
304 305
304 241
304 154
304 84
304 126
304 282
304 145
304 271
304 281
304 254
304 279
304 72
304 195
305 70
305 289
305 127
305 279
305 131
305 7
305 35
305 109
305 240
305 282
305 23
305 301
305 129
305 19
305 102
305 204
305 275
305 176
305 140
305 287
305 72
305 241
305 308
305 149
305 220
305 168
305 97
305 290
305 8
305 91
305 161
305 209
305 265
305 22
305 89
305 96
305 25
305 85
305 219
305 223
305 180
305 86
305 200
305 261
306 173
306 93
306 248
306 232
306 202
307 25
307 287
307 87
307 257
307 308
307 72
307 7
307 114
307 270
307 135
307 282
307 129
307 190
307 256
307 224
307 73
307 123
307 55
307 209
307 171
307 265
307 153
307 180
307 112
307 83
307 219
307 290
307 8
307 76
307 18
307 258
307 223
307 97
307 193
307 96
307 79
307 234
307 254
307 221
308 73
308 253
308 135
308 264
308 53
308 231
308 225
308 219
308 96
308 283
308 144
308 189
308 307
308 83
308 89
308 175
308 149
308 6
308 117
308 19
308 291
308 243
308 114
308 26
308 279
308 72
308 302
308 241
308 295
308 212
308 79
308 18
308 126
308 290
308 242
308 299
308 86
308 223
308 258
308 124
308 221
308 197
308 7
308 82
308 97
308 200
308 169
308 32
308 112
308 306
308 159
308 16
308 25
308 52
308 282
308 262
308 103
308 129
308 254
309 54
309 89
309 101
309 109
309 201
309 80
309 52
309 157
309 262
309 167
309 35
309 292
309 3
309 156
309 188
309 72
309 9
309 44
309 187
309 38
309 16
309 122
309 20
309 245
309 2
309 64
